data/train-rasters-2.5m/bclim19.asc
NCOLS 322 
NROWS 151 
XLLCORNER -122.75 
YLLCORNER 31.9166666666667 
CELLSIZE 0.0416666666666677 
NODATA_value -3.4e+38 
[rows 41 to 81 of 151, columns 92 to 183 of 322]
249 246 270 337 375 378 360 354 353 351 329 318 301 307 324 313 336 290 278 219 116 71 67 66 65 64 83 130 132 103 89 84 83 52 46 49 57 71 67 47 42 46 67 70 49 36 28 26 23 27 34 42 52 61 66 52 39 36 37 39 39 37 40 38 38 40 46 50 59 69 89 78 74 70 67 65 65 63 61 59 53 45 41 34 33 39 54 78 67 66 80 89
224 264 309 296 336 360 370 358 359 349 346 313 305 322 312 304 294 299 287 219 131 78 70 66 63 62 71 125 143 100 88 82 69 50 43 40 45 81 98 62 58 56 75 73 46 35 32 28 24 25 31 35 45 55 55 58 44 40 37 38 39 37 41 46 44 44 47 53 58 63 80 101 103 89 100 80 76 75 74 77 65 56 48 37 31 33 41 48 56 65 70 76
238 254 337 366 395 387 362 366 367 355 341 324 305 314 311 300 291 287 292 243 158 83 71 68 65 67 75 99 131 97 82 75 66 51 43 41 40 48 68 79 103 78 70 74 55 41 33 28 25 25 31 34 37 43 56 67 55 46 42 40 41 37 37 42 52 50 52 59 55 58 64 84 112 105 110 119 99 97 93 86 75 67 53 41 34 31 36 40 51 73 67 54
266 273 288 322 365 387 376 356 359 338 350 331 300 308 304 295 282 276 284 260 188 87 74 69 69 79 82 81 87 90 88 83 64 49 45 42 40 42 49 74 103 98 74 79 81 56 38 29 25 26 30 40 41 43 48 51 54 52 48 40 39 39 41 42 45 52 52 55 54 52 58 67 91 109 97 125 147 136 120 106 98 77 63 49 40 36 35 34 35 40 43 43
263 331 342 380 391 391 373 360 359 341 344 323 300 324 327 325 290 276 272 268 164 84 75 72 84 115 118 94 85 96 96 91 64 54 55 43 40 41 45 65 86 76 81 104 76 58 39 32 28 25 27 37 57 48 55 51 46 45 43 40 39 39 43 47 46 49 52 57 51 46 51 57 73 95 89 118 149 154 165 129 116 86 63 52 46 40 36 33 32 33 35 37
230 331 283 275 334 400 382 364 359 330 335 335 294 312 307 309 306 283 294 293 179 94 79 83 102 149 165 132 109 106 103 82 68 67 77 49 43 42 42 51 61 67 80 121 126 83 45 32 28 23 23 31 58 54 54 57 48 44 43 40 38 37 43 56 52 46 51 48 43 43 49 53 62 70 81 108 145 194 140 123 94 77 66 62 59 42 35 35 34 35 34 35
216 248 217 239 319 371 345 371 358 323 314 310 298 268 280 295 295 273 277 281 181 113 87 92 109 155 180 159 165 131 105 81 68 83 100 56 44 42 42 44 51 79 99 137 137 83 48 35 30 25 22 28 63 61 55 58 54 50 46 42 40 41 44 52 55 45 48 45 44 43 47 52 58 71 78 89 122 166 174 133 100 85 87 83 63 47 38 36 37 36 36 36
201 225 199 233 293 297 327 375 365 344 314 294 283 262 310 311 296 274 264 269 248 144 94 89 102 121 164 169 182 157 118 98 76 86 117 57 46 42 42 42 44 60 107 167 129 68 48 35 29 26 24 28 51 67 68 60 57 58 49 45 42 42 42 49 59 52 43 45 45 44 45 47 50 59 64 75 95 93 121 104 109 100 83 71 55 44 39 38 38 37 37 36
170 190 192 209 263 308 306 326 346 335 294 272 258 273 309 307 298 287 276 264 249 155 99 95 124 123 138 141 156 151 126 109 85 101 147 77 48 42 39 39 39 54 111 156 148 82 54 37 31 27 25 27 36 57 82 70 60 63 57 49 48 45 39 45 55 55 49 44 43 42 44 41 45 51 55 62 65 78 90 96 89 88 61 52 47 43 40 40 40 39 38 38
147 151 163 243 336 362 353 360 362 347 308 286 295 280 290 303 295 292 272 249 270 176 97 94 123 114 111 111 109 124 129 121 109 119 161 90 51 45 42 39 39 51 90 137 149 83 53 39 34 28 25 25 33 60 79 78 61 61 57 52 59 48 39 42 51 49 62 50 44 42 42 42 45 48 51 52 55 65 79 78 78 92 64 52 54 43 40 40 42 41 41 40
151 152 189 230 245 301 312 356 364 321 276 290 336 324 301 309 286 272 243 256 270 182 99 82 85 96 101 82 81 108 119 129 131 122 145 107 53 45 43 40 40 45 79 124 151 87 60 43 34 28 27 25 31 50 62 70 56 53 48 53 55 48 39 43 54 44 49 61 50 42 41 42 44 47 48 48 50 54 62 64 71 81 72 50 51 44 42 42 41 42 42 41
149 155 177 199 257 265 320 369 337 288 262 306 350 337 321 313 288 261 228 228 242 226 119 84 78 81 91 75 74 91 108 114 129 123 116 95 61 46 44 41 40 50 94 120 132 99 69 49 37 30 27 25 40 72 65 65 60 52 48 47 51 48 39 38 47 41 41 59 66 46 38 40 41 43 46 48 48 51 55 58 67 77 78 54 49 46 43 42 42 42 43 43
136 155 206 245 311 349 367 355 320 281 254 283 316 345 311 281 251 226 222 230 230 241 166 89 81 89 102 68 58 69 87 97 127 133 113 96 63 50 46 42 39 50 95 118 93 69 60 53 40 33 30 26 27 40 55 59 53 58 52 47 43 42 41 35 38 43 41 52 69 52 44 40 40 42 44 46 48 50 52 56 79 98 88 64 53 47 47 44 43 42 45 46
151 153 164 218 247 290 341 348 337 293 252 303 322 341 335 306 266 233 224 260 256 248 204 125 84 93 90 60 52 52 56 66 110 130 119 98 78 51 49 44 40 45 85 89 62 57 47 46 41 36 31 28 26 27 36 40 39 41 46 52 45 38 40 35 34 40 40 46 61 50 46 45 43 43 45 46 46 48 50 55 66 90 93 65 56 50 52 48 46 45 47 49
133 149 177 195 215 245 274 333 353 297 233 266 328 327 327 291 277 230 238 258 256 225 194 124 77 73 67 58 51 48 51 57 91 114 121 89 62 49 47 50 42 41 71 83 66 70 54 56 46 40 34 31 30 28 27 30 35 38 44 54 51 39 36 32 31 34 37 43 49 46 47 49 48 46 46 45 46 46 51 57 61 79 68 59 67 57 53 50 49 50 53 53
127 143 164 215 216 240 288 332 354 331 257 215 298 338 318 293 252 223 221 249 237 214 172 118 75 65 60 56 51 46 44 50 67 78 91 94 57 46 45 49 57 42 46 56 66 62 54 54 45 37 36 38 42 34 28 26 27 35 44 50 54 41 35 32 32 33 37 47 46 43 46 52 55 52 52 48 42 42 44 49 55 66 60 55 61 57 51 48 51 53 53 56
125 137 162 190 229 262 310 339 340 305 230 224 274 320 307 290 263 199 225 195 192 212 172 139 78 58 54 50 46 42 42 43 52 62 80 72 49 45 43 47 66 50 41 52 59 51 46 43 39 39 42 53 51 42 34 27 23 27 35 38 48 40 40 39 34 35 40 43 43 44 52 70 64 60 55 52 44 40 40 43 48 56 63 54 51 49 48 47 48 51 56 57
129 152 203 258 240 253 302 348 326 297 254 192 220 265 266 281 238 165 178 148 164 209 156 115 72 53 49 47 44 41 39 39 42 53 61 54 46 43 42 42 50 64 44 45 45 44 42 39 42 46 46 53 48 39 39 32 24 25 28 31 32 34 35 34 34 34 41 46 43 47 67 85 77 61 54 49 47 42 39 42 44 50 61 57 48 47 48 47 48 54 54 50
126 150 177 235 232 241 263 279 319 288 230 185 181 209 183 213 186 135 125 122 139 197 191 113 76 52 48 44 39 38 38 37 40 45 47 48 45 42 41 40 46 75 51 42 45 45 42 45 57 48 44 44 41 36 39 35 27 24 25 25 28 33 31 31 30 31 37 39 40 45 60 85 94 66 54 54 54 50 43 38 39 47 61 56 47 45 47 51 52 57 57 51
123 152 194 233 218 232 260 315 305 261 194 165 164 157 146 134 132 128 164 210 163 177 186 128 83 55 48 45 40 38 38 40 39 40 41 43 42 41 38 40 44 55 55 43 49 66 53 50 54 47 45 43 40 44 47 38 28 26 25 23 25 26 25 26 26 27 28 32 36 40 45 59 58 54 52 54 57 58 53 43 42 44 54 60 47 43 50 55 58 65 65 57
123 153 189 218 208 248 279 312 287 229 168 174 151 145 147 130 146 160 210 234 213 183 140 141 83 56 50 45 42 40 36 39 38 39 41 44 42 40 39 40 51 76 73 49 42 50 64 67 75 60 53 50 47 44 41 35 31 30 29 27 26 26 25 27 24 26 26 30 32 36 38 43 45 46 50 50 51 56 60 51 50 51 55 54 47 43 50 63 67 81 74 63
123 145 184 208 186 225 273 276 227 171 160 190 189 192 210 153 130 172 224 225 192 158 132 95 73 58 51 49 46 42 39 41 46 45 44 44 42 40 40 43 73 78 59 45 42 47 53 60 69 64 63 49 43 37 38 41 39 37 36 35 33 33 30 29 25 26 29 30 33 37 40 46 50 49 51 50 50 53 56 60 66 59 51 46 43 49 55 68 72 95 86 69
110 131 175 196 198 242 218 179 192 179 207 223 204 243 241 158 135 150 187 188 148 111 93 80 67 62 58 54 51 54 55 56 56 54 43 39 40 41 43 42 46 48 44 41 40 42 44 48 57 57 54 47 41 36 38 44 50 52 49 51 63 57 48 36 30 27 28 31 34 38 43 48 54 52 55 52 49 53 61 76 81 57 50 46 42 49 55 64 70 94 86 75
97 107 141 183 215 188 204 202 260 184 216 276 271 274 278 210 156 151 190 151 124 94 82 74 68 81 75 69 59 65 62 56 46 41 39 38 41 44 42 41 40 40 44 44 47 46 45 58 78 69 64 62 61 50 50 59 67 65 68 74 87 92 90 51 33 28 25 34 39 45 47 52 56 56 53 52 51 54 67 103 93 59 52 48 43 44 50 58 65 82 81 75
96 104 130 156 155 187 263 290 263 201 240 289 324 310 253 227 177 166 187 146 112 92 81 74 79 113 83 72 72 84 66 60 61 51 44 44 47 45 42 44 48 55 45 49 59 54 50 53 62 66 57 50 61 69 68 63 64 63 56 64 65 74 85 64 36 30 26 30 34 43 51 58 61 64 60 55 53 55 60 65 71 67 59 52 47 43 48 53 60 69 78 80
81 85 95 138 173 180 215 279 238 179 184 223 301 297 274 240 167 186 179 147 111 92 83 76 81 95 101 62 62 62 59 60 78 83 60 53 47 45 54 55 59 69 72 69 72 59 58 55 59 58 55 51 52 50 56 79 70 59 54 54 52 54 55 48 36 28 27 30 35 41 49 62 59 63 65 60 57 56 58 62 80 79 74 60 49 46 48 54 60 68 78 78
83 88 96 111 135 156 177 186 183 165 169 180 198 219 262 228 143 153 159 130 105 84 71 71 73 66 51 45 47 52 63 65 72 63 58 68 50 51 59 66 88 73 66 75 89 72 66 59 56 61 61 58 56 52 51 53 51 52 46 48 49 43 43 38 32 30 29 30 36 44 51 54 51 58 64 63 61 61 59 62 68 80 73 58 51 48 52 57 66 72 81 76
78 83 92 104 118 140 152 159 159 165 181 148 138 140 181 182 132 138 138 104 92 76 63 58 49 47 45 47 54 84 85 84 72 48 47 50 49 62 75 67 85 78 60 56 59 61 68 62 52 57 76 76 60 52 46 41 38 36 35 36 38 38 39 38 30 27 29 27 30 36 41 42 46 52 60 69 65 65 65 66 72 82 64 56 51 53 57 63 75 83 81 76
77 82 87 91 102 108 130 128 132 138 138 128 125 125 143 176 135 120 104 87 84 66 56 50 48 46 50 63 86 86 70 61 53 44 40 40 46 62 76 72 74 82 57 52 53 54 59 58 56 67 61 60 54 51 43 41 49 50 41 35 35 34 37 35 38 32 32 28 27 31 33 36 40 49 60 71 68 69 72 81 83 78 63 58 57 60 65 73 80 79 77 79
78 81 85 88 99 120 122 125 140 162 155 135 129 137 141 162 151 117 117 112 86 59 53 51 53 58 62 71 71 61 58 54 52 45 40 42 46 55 70 67 66 77 56 50 52 51 52 56 63 67 69 53 51 44 41 45 59 40 33 29 34 33 37 39 47 47 38 30 27 28 30 33 36 45 55 65 68 69 78 88 85 73 65 65 72 87 102 90 79 76 75 74
82 83 85 87 98 138 192 153 137 140 147 181 177 162 167 189 186 146 114 93 67 58 55 53 53 57 57 58 55 52 50 50 53 52 46 45 50 55 61 60 57 55 51 48 50 50 58 59 62 77 74 61 53 44 40 41 39 31 27 29 30 40 42 45 49 39 36 30 27 27 29 31 36 42 53 60 66 75 76 78 75 70 70 78 93 97 101 88 78 74 73 71
84 86 87 96 130 169 216 210 151 142 150 187 180 154 156 174 195 151 109 79 64 60 56 52 52 52 52 51 50 49 46 47 47 48 57 60 43 48 54 54 53 57 59 54 61 57 65 71 57 59 62 50 50 47 36 36 33 30 29 32 29 30 38 48 45 34 32 28 25 27 28 30 38 44 51 58 65 75 71 67 63 63 71 87 97 93 87 84 79 74 72 71
90 92 96 125 162 175 170 160 171 160 130 136 142 141 140 195 169 116 83 71 65 60 56 52 52 50 49 48 47 46 46 46 44 43 43 45 42 37 40 45 65 59 51 54 62 61 66 69 52 49 47 38 41 45 43 44 41 37 35 33 29 27 27 34 36 33 33 29 25 26 29 31 42 50 53 59 64 64 59 55 54 61 73 92 93 90 85 81 79 73 71 68
97 99 106 122 145 154 155 147 152 156 158 141 133 135 138 143 111 92 80 71 67 60 56 52 51 49 48 46 44 46 50 47 44 41 39 38 36 34 32 36 42 46 42 49 64 72 75 75 48 39 34 31 32 37 49 53 50 43 38 37 36 33 33 29 29 32 27 25 25 24 26 27 33 53 53 68 71 58 49 47 53 63 83 97 93 92 82 79 74 72 70 71
105 105 111 120 130 140 152 206 231 242 273 222 169 147 134 119 102 86 77 71 65 61 57 53 49 48 47 45 44 42 44 44 42 40 38 36 34 34 30 33 32 35 37 46 65 88 85 73 47 41 36 31 31 34 39 44 42 40 39 35 34 35 37 29 25 25 24 23 23 23 23 26 28 36 50 55 60 51 43 46 56 70 89 91 85 84 76 75 81 73 69 69
117 116 118 125 138 152 156 161 188 219 287 231 189 143 122 113 98 86 78 71 67 63 58 53 49 45 45 43 41 41 41 40 40 39 37 36 35 34 31 30 31 33 35 40 51 57 56 53 60 62 50 37 32 32 33 36 36 34 34 35 37 37 35 33 30 27 28 25 26 30 31 27 27 29 37 42 44 41 41 48 61 82 87 91 76 71 70 71 70 68 63 62
132 129 132 151 164 164 164 212 202 184 182 190 159 136 123 113 101 96 79 72 67 62 56 54 49 42 41 42 43 42 43 42 41 39 38 36 35 35 34 34 34 35 35 38 48 50 47 45 56 69 57 41 36 34 32 33 33 35 35 43 48 41 38 35 31 29 29 32 36 36 40 36 29 28 29 32 34 34 41 53 80 98 70 75 67 64 61 62 61 62 59 57
158 151 162 167 166 190 209 223 179 151 149 148 144 137 125 113 105 92 83 76 70 66 59 52 47 42 41 42 45 52 49 47 47 44 40 38 36 36 36 36 36 37 37 39 41 45 47 41 41 44 53 42 38 35 34 33 37 39 40 49 56 51 46 41 35 33 40 43 52 41 41 44 38 31 30 31 35 38 46 60 92 95 63 59 59 57 57 55 55 56 55 53
180 177 175 171 160 171 171 158 158 160 160 158 150 138 126 115 103 95 85 79 76 69 61 56 49 45 44 45 47 51 56 50 50 52 49 43 37 37 37 38 38 36 35 37 40 42 41 42 40 36 38 35 33 34 34 34 38 42 45 52 63 65 58 44 38 35 45 49 49 43 47 39 33 32 33 35 41 45 53 67 94 81 59 55 53 52 50 50 49 49 50 52
182 175 169 169 163 172 175 175 176 175 172 162 152 138 126 114 105 94 85 76 70 64 60 56 50 47 47 48 49 52 56 54 50 47 45 41 41 40 38 40 42 37 38 42 48 51 48 47 45 42 40 39 37 35 35 34 34 41 40 45 60 75 61 40 35 31 35 39 48 49 49 41 35 35 40 51 62 68 63 80 102 71 55 49 49 47 46 46 45 47 48 52
184 175 164 169 184 188 188 187 187 183 178 169 158 145 133 119 107 95 88 81 74 66 62 59 56 53 54 55 55 55 58 60 55 48 43 41 40 40 38 39 41 43 44 47 50 54 65 66 67 66 61 58 61 55 41 37 36 39 39 40 42 49 52 46 37 33 33 36 42 48 47 42 40 41 46 84 108 114 89 80 74 59 50 46 45 45 43 42 43 45 49 53
