data/train-rasters-2.5m/bclim16.asc
NCOLS 322 
NROWS 151 
XLLCORNER -122.75 
YLLCORNER 31.9166666666667 
CELLSIZE 0.0416666666666677 
NODATA_value -3.4e+38 
[rows 0 to 39 of 151, columns 180 to 269 of 322]
68 69 68 69 75 74 77 85 84 76 73 76 82 90 89 86 81 81 85 93 101 119 111 96 93 91 94 101 106 96 93 98 108 128 108 101 95 92 93 96 100 96 90 89 92 78 75 75 74 74 74 74 75 76 78 81 91 95 97 95 95 99 97 101 103 111 130 152 155 122 97 84 84 91 95 98 96 93 90 109 137 139 132 132 132 134 133 133 153 180
73 76 74 70 70 71 74 79 77 73 72 75 79 82 83 82 81 81 84 87 96 112 123 107 95 89 89 98 110 99 95 97 105 121 116 102 99 94 93 94 98 99 87 83 86 75 75 75 75 75 77 79 81 81 81 90 97 104 112 109 106 106 103 98 102 110 127 139 124 109 94 87 90 108 129 132 108 92 95 107 134 139 137 137 140 146 148 144 168 185
70 77 81 76 73 70 71 75 76 72 71 72 75 77 85 92 81 81 82 84 90 98 106 108 97 88 88 96 109 103 97 95 98 105 111 108 101 94 92 96 94 94 91 83 78 76 76 75 76 81 88 88 90 99 97 97 103 109 116 121 107 98 95 102 106 109 120 122 119 106 103 98 103 121 146 133 113 99 95 102 116 135 145 147 153 157 157 152 178 185
67 73 78 89 81 74 70 73 76 72 70 70 72 80 86 109 91 80 81 83 86 91 98 102 98 89 90 99 114 106 100 96 97 101 108 109 104 94 90 93 89 91 91 79 78 77 77 77 78 85 87 87 95 99 96 96 98 106 107 106 92 91 99 106 112 122 120 114 110 100 112 116 125 150 150 133 120 107 99 107 133 143 152 157 161 161 165 167 181 181
67 71 78 92 91 79 71 71 76 73 69 69 70 74 86 115 102 86 82 82 85 88 90 95 96 92 96 108 118 114 102 98 97 101 103 97 97 94 91 85 85 85 84 79 78 79 78 78 77 81 83 90 96 94 93 92 98 102 97 90 88 92 113 110 119 113 116 112 102 97 115 139 156 161 147 136 121 111 104 115 143 157 152 157 158 158 156 165 170 160
67 72 80 93 95 78 70 73 81 73 68 68 69 74 86 107 106 94 87 82 83 85 87 89 86 90 96 108 125 115 103 100 103 110 102 92 89 89 86 83 83 82 80 80 79 79 79 80 80 80 83 88 89 89 89 91 98 99 89 87 88 98 111 122 119 112 108 103 96 100 116 138 156 152 144 134 124 116 110 123 150 166 162 161 159 150 135 139 136 136
68 75 80 80 84 77 69 73 76 73 68 68 68 78 93 110 113 103 101 93 82 83 85 84 85 90 97 104 111 120 106 100 100 95 90 86 84 83 82 82 82 81 80 79 79 80 81 81 81 83 83 85 86 86 87 93 95 90 88 88 95 108 125 122 129 120 107 100 97 102 117 130 144 149 139 132 118 111 112 133 162 170 157 157 160 134 120 118 115 108
67 78 80 75 74 72 70 78 75 70 68 68 68 76 90 112 121 101 92 93 90 84 82 83 87 89 99 101 104 106 103 98 94 88 84 83 83 83 82 82 81 81 81 80 82 81 81 81 82 83 83 84 84 84 89 92 89 91 91 93 106 115 122 134 125 113 105 99 100 103 120 134 148 144 143 129 117 111 116 136 163 170 143 128 135 118 109 107 101 97
66 76 77 71 68 67 72 80 73 70 67 68 69 74 85 103 110 92 83 80 84 84 80 85 91 94 102 103 97 99 103 96 89 86 84 84 83 83 82 82 82 81 81 82 82 82 84 84 85 87 86 84 85 86 94 91 91 93 96 106 125 132 135 141 129 117 108 101 101 106 116 133 145 138 135 125 116 113 120 132 150 155 136 114 112 109 101 108 93 92
67 67 73 67 63 69 75 80 74 69 69 71 71 74 82 94 94 84 78 77 79 81 84 88 96 107 112 107 96 94 94 89 86 85 84 86 85 87 90 87 86 88 87 86 85 84 85 85 87 89 86 84 85 87 91 94 98 109 109 124 139 155 149 141 138 120 111 104 103 107 121 127 140 136 127 119 115 116 126 134 151 129 115 109 104 98 92 92 95 88
69 66 63 61 65 71 77 85 76 70 75 75 70 79 81 87 92 82 76 78 80 79 84 91 99 110 109 103 95 91 89 90 86 86 87 91 92 97 99 95 93 96 96 97 94 91 88 88 87 92 86 87 87 89 99 112 118 129 124 134 154 157 148 137 128 128 123 114 110 107 119 127 131 127 123 121 116 120 127 142 165 143 118 109 101 94 90 85 89 87
67 68 59 62 66 72 79 85 76 70 70 78 75 87 87 92 103 91 77 76 79 83 89 95 106 107 102 97 93 90 91 89 87 86 88 93 96 101 101 101 100 103 107 109 104 99 93 92 90 88 88 88 90 102 130 139 135 148 153 161 156 148 139 137 139 133 127 118 111 110 122 124 126 123 120 119 123 124 129 140 162 142 117 109 104 101 95 89 84 84
62 59 67 67 70 76 85 90 76 71 68 71 78 90 91 91 97 92 77 78 82 89 95 99 104 105 100 100 99 100 103 101 97 96 97 98 99 104 106 107 108 110 112 113 111 106 102 101 98 93 90 90 95 108 131 147 152 167 181 173 160 147 142 136 130 126 125 117 110 115 131 131 125 123 121 116 110 108 118 126 144 125 114 111 113 101 96 93 83 80
58 64 65 62 65 70 75 77 75 72 71 74 84 98 95 90 85 82 80 81 85 95 104 111 108 105 104 103 107 106 105 106 108 109 107 105 106 108 109 112 112 114 115 115 116 116 111 109 105 98 93 96 107 124 118 130 136 154 174 169 160 148 138 131 134 130 120 113 115 127 136 131 128 128 122 108 100 100 105 115 113 115 126 122 114 106 98 99 91 83
56 61 61 61 66 70 71 72 72 72 77 84 94 101 98 89 81 76 83 83 83 94 103 107 108 105 103 107 110 109 109 108 107 109 111 113 114 114 116 117 118 121 121 121 121 124 123 118 116 111 104 104 127 148 146 140 146 165 174 167 161 150 140 131 126 123 118 116 124 139 144 136 136 131 120 104 97 100 99 102 107 118 133 127 116 107 106 106 104 99
54 61 59 64 73 79 72 71 71 74 82 94 104 102 96 89 78 89 93 94 92 94 103 104 101 102 104 107 109 114 118 118 116 114 118 117 118 119 121 124 127 127 127 127 126 132 137 135 122 120 115 136 150 154 145 152 148 160 167 162 157 150 142 135 128 121 117 121 133 148 142 138 134 119 109 101 94 93 95 100 108 114 114 110 112 110 100 102 96 92
55 61 61 68 87 89 75 74 72 75 84 99 113 106 95 81 87 101 104 101 102 101 101 101 100 102 106 105 105 113 125 130 124 122 131 129 124 127 129 132 132 132 132 138 140 132 131 131 131 128 133 146 154 148 143 137 133 141 157 157 153 148 140 133 127 123 123 130 143 148 140 140 126 115 108 101 92 90 93 93 98 102 105 98 103 109 102 96 94 92
54 55 61 71 96 97 80 74 71 74 82 97 109 106 97 89 82 107 117 111 107 103 103 107 104 106 110 114 106 110 123 133 134 127 126 129 134 137 133 137 140 138 135 142 148 140 152 152 144 130 142 137 144 148 137 136 133 136 135 133 146 145 138 132 128 125 128 132 138 148 144 144 133 116 105 99 94 89 89 93 96 98 96 92 99 100 96 95 98 91
54 52 56 70 75 87 78 71 69 73 80 92 99 107 98 95 84 99 111 108 104 108 107 107 110 109 112 114 104 101 111 123 127 124 127 125 127 128 133 135 137 140 140 145 155 149 146 153 143 135 140 135 145 139 139 128 133 138 132 132 137 142 135 132 131 132 130 125 143 148 145 138 121 114 108 105 96 92 97 93 96 93 90 88 88 92 89 89 91 91
54 51 54 65 67 71 73 71 70 72 79 93 107 105 96 89 77 87 99 100 95 103 112 112 115 109 101 103 100 97 101 105 113 123 129 123 115 121 130 137 141 141 144 157 164 147 150 152 143 144 137 142 146 138 132 127 131 129 130 136 138 138 138 135 137 135 128 127 136 131 129 121 114 108 110 110 99 90 99 92 96 91 85 86 86 86 87 84 83 85
60 52 53 61 62 65 70 70 70 73 83 96 119 109 94 84 74 74 90 90 87 97 109 121 121 110 95 100 97 94 95 104 122 123 119 112 107 116 127 138 147 156 156 159 156 152 151 141 145 145 140 141 142 141 136 132 131 130 136 140 138 136 136 128 131 134 127 127 124 120 115 112 108 106 104 103 97 89 90 90 91 88 87 84 88 90 90 88 81 76
70 58 52 55 57 62 71 75 72 76 86 104 105 99 88 79 78 81 75 76 82 92 106 104 101 97 90 95 94 89 88 97 107 106 106 103 106 116 128 140 144 152 160 154 151 151 137 140 143 146 144 141 140 144 146 135 134 138 145 142 136 129 129 124 127 127 126 128 122 115 111 107 103 108 103 100 92 90 87 87 86 91 90 83 89 90 88 87 81 77
70 60 52 50 56 65 73 73 84 84 93 104 86 78 74 75 84 78 67 72 83 98 102 94 91 90 85 89 86 85 85 91 96 99 98 99 113 121 126 131 142 146 148 145 143 130 124 129 138 146 143 144 143 147 144 140 139 137 139 133 128 125 126 134 132 128 129 126 119 116 112 112 111 102 96 97 97 93 84 85 84 86 87 79 82 87 83 77 75 78
64 64 54 50 50 58 63 78 83 84 90 81 71 67 70 81 75 69 62 69 80 92 92 87 87 88 90 83 84 85 82 93 104 104 97 101 117 123 111 123 132 133 132 126 114 115 115 115 135 135 139 143 144 143 144 139 140 137 133 128 127 126 129 143 133 130 132 128 122 117 116 118 115 104 98 97 100 87 82 80 84 81 83 80 77 80 78 74 72 75
61 59 56 51 50 52 60 87 84 79 82 68 61 62 75 73 70 66 61 68 77 83 82 81 82 84 84 82 81 79 84 99 122 123 103 92 92 100 99 109 110 108 113 109 103 102 109 117 124 127 133 139 142 142 141 138 136 133 130 129 127 128 132 134 130 127 128 126 119 119 121 121 111 107 99 92 90 87 84 80 84 79 76 77 73 75 74 73 71 70
59 57 57 57 60 49 53 76 80 75 69 60 59 69 67 67 64 63 59 65 72 72 74 77 80 84 85 82 78 76 87 103 129 129 108 97 92 89 87 96 100 96 97 95 97 106 114 130 136 140 140 139 139 141 141 137 135 132 132 131 131 132 133 133 130 129 128 124 122 122 118 113 113 105 96 89 89 91 84 78 77 75 72 71 71 69 75 75 73 65
56 56 68 58 55 48 49 69 66 66 59 55 65 75 64 65 61 60 60 66 70 69 71 74 80 82 85 79 76 74 84 99 118 120 122 111 98 92 87 89 90 87 92 97 104 107 119 134 136 141 142 139 138 140 138 144 136 134 133 136 137 137 137 134 133 131 131 129 124 120 117 115 111 103 97 94 91 92 84 75 74 75 74 73 71 67 68 72 72 67
47 53 77 66 52 49 48 56 59 57 55 65 68 63 60 58 57 61 69 76 77 71 68 74 76 76 79 75 73 73 79 86 94 109 129 117 99 87 86 85 87 89 93 108 121 115 120 139 141 140 136 136 137 148 153 140 139 138 133 138 142 147 138 131 132 130 130 127 122 117 116 113 106 101 101 101 99 87 84 82 77 76 78 78 77 71 65 65 63 63
46 48 74 77 53 47 45 48 51 54 69 68 61 57 54 54 61 72 89 94 86 78 69 68 71 73 72 71 70 70 72 77 83 101 115 112 102 86 82 84 88 90 93 99 104 107 112 132 135 134 131 131 130 131 138 137 137 130 127 127 134 145 131 127 129 132 126 122 118 116 111 107 101 100 104 105 102 85 84 80 78 78 81 79 79 81 69 65 63 60
49 49 76 85 54 46 44 46 47 57 73 65 56 54 51 57 69 94 109 103 81 75 70 66 66 66 70 69 67 68 68 70 72 86 90 89 88 91 88 86 90 91 93 96 103 101 117 127 126 128 129 128 125 126 128 128 127 125 136 134 125 125 116 116 120 121 121 119 113 110 108 105 104 104 108 107 99 89 89 86 85 82 79 75 84 84 75 69 65 63
47 48 68 86 56 47 44 45 47 59 65 61 55 51 49 57 67 86 106 106 90 75 78 66 63 63 64 67 66 67 66 66 66 80 79 89 105 97 93 97 94 99 104 108 110 111 125 125 124 126 127 127 122 119 118 115 116 120 135 126 118 105 107 109 111 113 115 112 109 107 106 105 107 112 113 109 97 94 96 94 94 91 88 87 83 77 73 69 65 63
56 50 64 89 59 50 46 45 46 60 61 60 57 49 49 56 62 72 82 88 79 75 77 66 62 62 61 63 62 65 64 63 67 91 100 112 117 103 113 116 105 117 115 112 117 120 125 124 122 122 122 121 119 116 114 110 111 113 126 111 95 96 100 100 102 106 107 107 108 109 108 109 113 117 116 114 103 99 99 101 99 98 96 96 96 96 74 67 66 62
65 58 70 96 65 53 46 45 44 53 58 58 55 49 48 53 57 64 77 80 69 67 66 63 59 58 62 60 60 62 62 64 77 112 116 126 129 116 113 120 118 125 122 115 115 114 125 123 119 119 119 116 115 112 111 107 104 98 96 91 89 91 94 97 98 102 105 107 109 110 111 115 120 125 120 121 108 105 104 106 106 103 101 103 101 95 70 61 63 66
73 69 81 103 68 53 47 45 45 48 49 53 52 48 46 50 54 59 62 61 61 62 60 61 59 57 60 56 58 59 61 72 92 130 125 139 134 117 123 130 124 129 122 113 112 112 119 121 120 116 115 114 112 112 109 105 101 96 92 90 88 89 91 93 97 101 105 109 110 114 116 126 130 130 129 121 105 113 112 112 109 107 107 110 96 74 63 66 70 71
79 83 97 97 67 55 49 44 46 45 47 48 48 47 46 48 52 55 56 54 55 56 57 58 56 54 55 57 59 61 64 83 117 136 142 127 129 117 121 126 120 120 118 113 109 108 111 119 117 114 111 109 110 109 108 107 102 96 91 88 87 87 89 92 98 102 106 109 111 115 124 139 140 137 132 118 99 108 114 116 111 110 114 95 74 64 63 72 79 79
88 107 114 93 69 58 49 45 49 48 48 48 46 46 46 45 50 53 55 53 55 54 54 53 52 56 60 63 67 68 74 94 115 121 115 110 114 115 117 114 115 119 116 115 110 107 106 115 118 113 110 109 108 107 106 105 99 93 91 89 90 90 89 92 98 102 106 111 115 121 134 146 149 144 137 120 102 91 88 86 95 111 103 73 68 67 68 83 84 80
109 144 121 96 77 64 52 45 54 56 53 51 47 46 45 46 46 49 52 52 54 53 51 50 60 66 73 78 81 82 98 100 103 108 106 103 104 112 113 113 114 116 114 116 112 108 106 107 116 114 109 107 105 104 102 99 95 94 92 92 92 93 88 93 96 106 112 115 120 127 148 152 155 153 146 120 113 92 86 83 82 81 76 72 69 72 76 91 88 84
130 147 122 104 82 62 49 49 57 57 51 50 47 46 45 46 46 49 48 51 54 53 50 56 65 75 87 109 115 106 103 94 97 101 107 97 102 107 112 112 114 115 115 114 113 109 106 105 114 112 109 107 104 102 102 100 98 97 97 94 92 94 91 87 99 108 115 120 129 139 154 157 158 160 150 126 119 101 88 82 79 76 75 72 75 76 79 93 93 88
140 124 110 104 87 63 49 48 56 53 50 48 46 45 47 51 52 49 48 49 53 53 50 57 66 76 102 130 122 98 93 88 95 99 98 100 107 107 113 113 114 114 114 113 112 110 107 106 117 113 113 111 105 102 102 102 101 100 98 99 97 92 92 89 105 111 119 126 139 146 157 160 161 163 152 137 125 114 89 84 81 79 79 75 79 79 84 95 95 93
124 96 95 94 92 74 50 47 50 50 48 48 47 47 50 55 53 51 48 47 52 51 52 59 62 70 91 107 114 89 88 88 87 90 90 91 110 113 116 116 115 117 116 113 111 108 114 122 118 113 113 111 108 106 106 106 105 102 100 93 90 87 80 95 100 108 121 131 144 148 155 161 164 167 162 151 130 111 91 86 84 84 76 79 83 84 82 93 100 98
