data/train-rasters-2.5m/bclim16.asc
NCOLS 322 
NROWS 151 
XLLCORNER -122.75 
YLLCORNER 31.9166666666667 
CELLSIZE 0.0416666666666677 
NODATA_value -3.4e+38 
[rows 0 to 39 of 151, columns 90 to 179 of 322]
147 118 107 107 96 93 97 103 86 84 73 62 64 61 48 45 43 50 55 42 42 45 42 41 40 40 41 43 46 46 46 50 49 44 40 39 39 39 40 41 43 46 50 51 49 46 46 51 55 61 58 59 54 57 56 52 52 52 52 54 58 64 58 53 51 52 54 54 54 55 52 53 53 53 56 56 59 65 76 93 98 94 94 80 73 67 65 68 69 69
118 104 102 102 98 96 105 113 96 85 67 62 63 55 52 48 45 45 48 45 43 42 42 40 40 38 39 43 48 48 47 53 46 41 39 39 39 40 40 41 43 45 50 53 47 44 44 49 52 55 56 53 53 59 56 53 51 51 52 54 57 62 61 54 54 54 57 62 58 54 53 53 53 56 59 61 72 86 87 108 91 83 81 73 67 65 65 71 67 66
112 107 105 103 100 101 109 113 104 80 73 70 66 63 57 58 53 48 56 54 45 40 40 40 46 46 39 45 50 47 46 46 43 39 39 39 40 42 41 41 44 45 48 50 47 44 43 44 46 50 53 50 49 55 56 53 51 51 53 56 61 66 63 57 54 56 63 66 61 56 53 53 53 58 64 67 78 92 108 94 82 80 73 67 67 65 67 70 65 65
118 113 109 106 108 105 108 104 95 86 84 79 74 69 65 68 59 54 60 73 57 41 37 39 42 47 36 41 43 43 43 41 39 39 43 43 46 46 43 43 44 45 49 48 44 43 43 43 44 46 51 49 49 54 56 53 50 51 53 58 64 66 67 57 56 59 67 67 62 56 53 53 53 58 66 74 83 95 94 80 75 72 67 66 65 64 67 65 65 68
127 122 116 116 120 112 108 102 101 100 100 97 86 85 78 72 62 57 55 56 47 39 37 37 36 37 36 39 39 39 40 39 39 40 44 52 59 48 46 44 44 45 48 48 44 42 43 43 44 44 46 46 47 48 51 49 50 53 57 66 80 79 66 59 56 59 64 71 64 56 53 53 53 58 69 79 80 90 83 75 72 68 67 66 65 64 66 67 66 66
136 129 125 134 138 117 109 102 97 94 98 99 99 91 85 78 78 68 56 49 49 50 41 37 36 39 43 40 39 39 39 39 41 43 45 48 52 48 47 44 42 44 48 48 44 42 42 43 43 44 47 46 46 48 48 48 50 56 61 69 79 82 67 60 58 61 65 72 68 58 52 55 54 60 69 80 74 74 71 70 69 69 66 65 66 69 69 64 65 64
145 140 140 144 138 129 113 105 99 96 98 96 88 80 73 73 94 83 65 51 43 40 41 38 37 39 44 43 41 40 40 41 41 45 48 52 50 45 46 42 41 41 44 45 44 43 42 43 43 43 46 46 46 47 48 48 53 58 63 75 76 86 72 64 61 61 64 69 70 59 52 52 55 62 73 73 68 64 63 66 70 80 68 66 69 74 73 64 65 64
161 155 155 151 139 131 120 113 107 99 99 88 81 78 85 105 126 96 71 53 39 37 41 41 37 36 42 46 43 42 41 41 42 43 46 48 47 43 41 41 41 41 42 44 44 44 43 43 43 43 45 46 46 48 48 48 50 55 58 63 66 71 76 68 64 62 62 66 75 64 54 54 57 63 70 66 62 60 60 63 71 86 71 69 74 84 76 68 70 69
178 170 168 167 152 139 130 124 117 108 103 90 85 84 129 196 149 100 73 57 42 37 37 37 36 39 43 53 53 47 45 43 41 40 40 41 42 43 41 41 41 41 42 43 44 44 45 43 43 44 45 46 46 47 47 47 50 52 55 57 60 63 73 73 65 62 61 64 76 66 56 55 60 65 63 60 59 57 57 60 65 82 71 71 79 88 71 65 70 71
187 179 179 177 171 168 151 138 133 119 105 94 86 85 136 238 168 113 89 57 43 37 37 37 37 42 44 48 60 60 57 45 39 39 38 38 41 44 42 44 43 44 43 44 45 45 43 45 45 47 49 49 48 48 47 47 49 52 52 55 57 60 65 76 70 63 60 60 64 60 57 57 59 64 64 60 57 57 57 57 60 78 73 79 79 78 70 66 66 68
194 183 177 168 171 175 176 182 154 126 114 101 95 84 102 233 242 148 99 68 44 37 37 37 41 56 61 66 69 67 50 47 41 39 39 39 41 45 45 49 48 47 45 46 47 47 45 44 45 49 53 54 50 49 47 47 49 51 52 54 54 57 62 71 75 64 61 60 59 57 57 58 62 67 64 59 57 56 56 57 62 70 76 80 76 76 71 68 68 71
203 193 182 173 162 154 149 161 161 133 125 106 94 75 76 122 219 183 130 81 53 37 37 41 52 67 81 78 84 62 46 41 39 39 39 41 45 47 50 58 54 49 46 48 49 49 46 44 44 49 54 57 54 51 50 49 49 49 52 53 54 56 59 68 72 67 62 60 59 62 59 62 66 63 59 59 56 56 56 59 62 68 76 81 79 81 76 74 71 73
211 201 192 183 171 162 155 149 147 138 132 115 96 76 69 87 155 226 145 100 73 41 38 39 52 79 86 71 65 47 43 39 39 39 41 43 47 48 57 64 54 51 49 48 46 46 44 42 42 44 46 51 54 54 51 49 49 49 51 53 52 54 56 67 72 67 61 59 60 65 63 62 66 62 58 56 56 60 56 59 65 70 75 81 84 84 89 84 73 70
219 210 201 191 181 172 163 156 149 140 132 120 98 78 67 77 134 260 215 116 82 56 37 38 40 59 64 68 53 46 41 39 39 40 42 43 47 51 54 50 49 49 48 46 44 44 42 41 42 42 42 46 51 59 56 49 49 49 51 51 51 52 56 62 64 61 59 59 59 64 63 61 61 58 56 56 58 57 57 61 74 78 85 86 81 84 100 86 72 65
246 229 223 199 190 179 170 163 155 147 137 123 96 78 69 78 118 198 256 158 98 71 43 38 39 42 53 59 59 46 42 41 42 43 43 46 47 57 53 46 46 48 46 44 44 42 41 42 42 42 43 45 51 56 56 51 50 51 53 53 50 51 54 61 64 59 58 56 60 67 67 61 60 58 58 58 58 61 64 64 75 74 76 75 72 79 84 71 63 58
296 296 279 251 216 189 180 170 161 151 141 123 99 80 69 69 108 190 243 186 146 112 77 50 40 40 42 52 61 58 50 47 48 48 47 52 55 52 47 44 44 47 45 44 41 42 43 45 46 44 45 45 48 51 53 51 51 53 53 51 50 51 51 58 60 57 56 56 61 71 72 64 61 58 58 61 66 75 69 66 65 64 66 69 67 81 83 71 60 55
257 286 307 303 257 258 220 202 166 149 134 114 99 80 69 64 93 139 209 189 152 133 107 72 47 41 40 47 48 52 60 64 77 86 68 62 57 47 44 44 44 46 45 42 42 51 64 62 50 47 48 46 48 51 54 52 51 51 51 50 49 50 51 54 63 56 55 56 61 71 84 69 62 63 64 63 71 86 74 66 61 60 61 61 63 77 73 67 60 55
279 277 297 305 296 287 223 248 166 135 124 113 96 82 69 64 82 115 150 180 168 141 112 92 62 42 42 42 43 45 53 61 72 81 80 66 57 53 45 45 46 44 42 40 42 48 58 61 49 46 47 48 50 54 54 51 50 51 51 50 50 50 50 54 60 56 60 56 61 73 80 67 62 58 60 63 70 83 88 71 63 58 56 57 62 72 69 65 63 57
280 278 264 268 269 296 267 264 172 132 118 112 98 84 71 64 69 109 139 170 144 127 107 92 69 59 43 41 43 53 60 56 60 72 76 69 53 47 43 42 42 42 42 41 41 41 42 46 45 45 47 50 51 52 50 50 50 50 50 49 51 51 53 59 61 55 55 56 66 81 80 65 60 57 57 60 69 79 101 76 68 59 56 55 56 62 70 70 71 62
277 263 273 294 317 323 322 236 184 145 124 109 94 80 71 64 66 102 125 172 148 119 99 65 49 65 46 43 51 66 76 75 68 74 81 63 47 43 43 42 43 45 44 42 41 41 39 43 47 49 48 49 50 52 49 49 50 52 50 50 51 52 57 63 66 58 57 61 80 81 69 62 56 54 55 58 64 74 88 72 66 60 57 55 55 58 65 78 79 65
295 274 270 300 332 333 272 228 255 178 157 133 103 86 74 65 63 94 128 143 127 97 70 50 55 43 35 35 44 48 53 63 67 66 58 49 45 46 48 48 53 55 54 47 41 39 39 42 50 49 51 50 51 52 51 52 55 55 52 52 55 56 63 69 72 63 59 68 81 70 62 57 54 54 54 55 61 68 76 67 63 60 57 56 55 56 68 94 92 74
327 289 318 298 327 326 298 302 244 194 181 160 144 121 82 69 64 79 123 127 111 78 53 50 67 39 36 35 35 40 70 61 48 46 45 45 51 55 55 56 61 64 56 47 42 38 38 40 45 49 49 50 52 55 56 59 58 58 56 57 63 64 67 71 72 71 69 77 78 70 60 56 53 53 54 54 55 56 58 60 63 60 58 57 54 54 63 80 83 74
317 297 302 314 306 278 305 332 265 196 193 196 178 164 111 73 67 72 125 126 114 83 54 70 75 42 37 36 36 35 54 79 43 38 37 37 42 45 50 60 71 67 53 47 42 39 39 39 41 45 45 49 60 60 65 60 63 60 60 61 64 67 70 73 78 80 77 80 76 76 70 58 55 53 53 54 65 60 55 60 65 64 63 58 54 53 55 62 74 69
307 308 292 275 278 327 321 329 285 218 215 248 204 193 132 79 69 65 89 111 124 111 105 114 84 67 42 39 37 37 40 55 44 36 35 35 39 48 57 73 69 54 46 41 41 40 40 39 40 42 42 45 49 52 58 55 53 55 58 63 64 67 74 79 83 84 84 79 69 69 61 59 55 54 54 57 56 56 57 60 65 69 71 59 53 52 52 62 66 66
316 308 306 302 296 283 294 345 304 285 246 280 236 213 168 110 73 67 66 81 108 131 130 120 102 86 54 39 40 38 38 43 48 40 35 35 37 45 57 66 59 50 43 40 39 40 40 41 39 41 42 42 44 47 53 51 50 51 53 58 60 61 65 73 76 70 82 74 58 54 53 53 57 57 55 62 57 55 57 59 65 65 70 59 53 52 52 61 60 61
331 311 299 299 316 307 321 332 342 333 283 315 260 199 178 129 85 69 64 81 106 120 129 111 106 84 55 40 39 37 37 37 42 51 37 35 36 41 49 55 55 53 47 40 43 46 40 40 40 41 41 42 42 44 47 50 49 49 52 57 59 59 59 60 60 64 72 73 57 52 51 53 59 64 60 59 59 57 58 60 62 65 75 67 55 51 52 56 55 62
347 324 315 298 312 328 347 347 329 265 305 339 288 245 193 155 117 77 65 95 136 137 136 126 99 79 58 53 42 40 38 37 37 54 40 36 36 39 45 49 46 45 42 44 55 55 44 43 42 42 43 44 44 44 45 46 46 49 54 60 69 67 60 59 58 61 67 64 57 54 52 55 58 61 61 58 57 57 60 63 70 78 77 73 65 52 52 51 50 57
358 376 327 307 300 306 323 318 319 264 265 267 312 324 226 166 113 82 69 81 154 163 148 148 112 93 70 73 55 54 38 37 39 59 44 38 36 36 39 40 41 41 47 58 67 56 49 45 44 44 43 44 44 44 44 44 46 50 55 62 72 73 64 59 56 59 64 60 57 54 51 53 56 59 61 58 58 60 66 69 70 78 76 62 61 57 53 54 47 47
418 373 326 316 308 309 319 295 273 274 259 295 315 322 264 177 112 82 72 79 137 167 160 183 132 100 76 70 64 70 50 42 49 62 60 38 36 36 35 36 40 43 53 75 86 68 57 50 47 46 44 44 48 44 43 45 49 50 52 55 65 68 63 58 55 61 70 64 56 53 52 53 55 57 60 60 62 62 68 69 66 67 70 56 51 59 57 52 46 45
437 373 338 324 322 301 297 290 274 264 264 295 304 284 295 207 126 83 71 78 142 176 196 183 136 81 60 59 64 66 69 53 53 84 76 42 38 38 36 36 36 42 61 77 94 76 61 54 51 49 46 49 51 46 43 45 48 50 55 54 56 59 63 58 66 68 70 60 60 55 53 53 54 54 58 58 65 67 66 61 55 61 66 55 47 50 61 50 45 47
439 387 353 351 364 324 310 296 283 272 308 294 287 314 313 232 152 85 72 67 110 152 182 186 137 72 49 47 50 62 75 45 53 103 74 44 43 48 38 35 35 37 48 69 85 88 75 61 56 54 51 54 48 45 44 45 48 49 53 59 65 64 57 57 73 76 76 64 56 60 56 58 54 57 53 56 63 67 63 56 50 52 68 56 47 46 55 61 47 47
418 391 390 368 350 322 313 309 297 301 307 273 287 281 286 273 202 95 75 69 81 122 158 151 89 54 49 49 46 49 53 42 60 102 98 53 79 82 45 36 35 35 38 48 64 65 74 65 52 48 47 46 45 43 46 50 51 47 49 53 60 54 53 58 63 61 67 61 57 55 52 51 53 53 50 55 68 69 64 55 47 48 65 55 47 46 52 61 58 62
343 334 330 318 339 346 328 317 310 301 291 267 277 279 307 296 202 114 78 70 67 83 131 154 95 55 55 53 49 47 45 44 56 72 81 63 81 85 59 41 35 33 33 35 43 48 51 66 53 46 44 43 42 41 46 57 52 46 46 50 55 52 49 54 56 54 58 62 60 56 52 50 48 47 48 51 59 61 67 62 47 46 68 56 47 45 55 70 70 71
446 450 357 348 321 338 326 311 314 293 276 279 302 323 316 301 212 134 85 72 66 64 97 178 152 77 57 56 52 49 48 54 63 49 55 57 87 98 74 44 37 34 32 32 36 45 53 54 57 50 44 43 41 41 40 45 51 44 45 47 52 51 48 49 51 52 54 57 58 55 54 51 47 47 46 51 52 58 68 62 47 43 64 55 46 45 50 63 64 81
479 468 422 427 401 379 358 337 305 299 285 284 278 289 313 304 229 153 103 76 69 66 74 171 171 105 58 56 53 50 48 47 53 45 50 54 82 89 67 41 37 33 31 31 31 36 39 48 49 49 49 44 42 41 42 42 44 42 43 45 48 48 46 47 49 51 55 64 62 58 54 51 49 49 53 58 59 59 60 53 43 43 50 53 48 45 49 55 56 71
486 492 471 413 401 379 343 338 336 320 305 325 341 308 329 332 260 183 127 89 74 68 67 138 204 154 82 57 55 52 49 47 45 49 49 61 64 81 56 42 37 33 31 31 30 30 32 37 38 41 50 49 46 43 42 42 42 42 42 44 44 45 46 47 52 55 56 59 56 55 54 55 54 54 56 59 59 62 54 45 42 41 61 53 45 47 52 61 58 68
405 454 459 442 394 362 349 343 329 320 310 328 368 346 370 363 294 238 156 106 84 75 70 92 182 185 120 64 56 55 49 48 46 51 49 59 58 71 60 44 38 35 32 31 30 29 32 33 34 36 46 54 50 44 41 42 42 42 42 43 43 44 46 46 48 51 52 55 55 57 58 58 59 60 63 61 58 54 49 43 42 45 58 46 42 48 60 61 60 77
361 398 420 442 433 386 360 351 351 338 342 330 382 332 336 352 375 275 193 133 105 89 72 69 115 201 160 120 62 54 51 49 47 48 53 66 65 57 61 44 38 36 33 31 30 29 30 31 33 31 33 39 47 44 42 42 43 41 41 42 43 43 44 46 48 51 54 58 58 56 56 56 58 64 65 63 57 50 46 43 42 45 48 40 40 43 60 61 70 91
347 341 341 405 426 411 387 356 353 347 352 359 350 334 316 332 364 341 234 165 123 94 76 71 83 154 175 171 141 77 80 67 50 49 65 90 82 66 55 44 39 36 34 32 31 31 29 29 29 30 31 33 39 44 44 43 43 41 41 42 42 43 43 46 46 46 49 55 58 58 55 57 57 58 55 55 56 52 45 43 43 43 42 40 38 42 54 60 77 114
336 342 304 320 372 398 380 356 354 343 345 383 365 333 301 332 368 375 304 218 146 107 83 74 70 79 115 140 172 123 101 106 94 66 77 111 109 83 60 49 42 38 36 34 38 41 34 30 28 29 29 31 34 42 52 52 47 41 41 41 41 42 43 43 44 44 43 46 49 51 57 60 61 59 57 54 52 49 49 47 44 42 41 43 40 43 48 59 84 128
