data/train-rasters-2.5m/bclim19.asc
NCOLS 322 
NROWS 151 
XLLCORNER -122.75 
YLLCORNER 31.9166666666667 
CELLSIZE 0.0416666666666677 
NODATA_value -3.4e+38 
[rows 0 to 40 of 151, columns 0 to 91 of 322]
541.000000000000000 503 488 461 427 448 469 422 405 396 385 374 398 398 351 321 311 299 293 279 267 265 254 244 232 225 221 220 219 218 221 224 230 235 240 244 247 248 248 250 255 261 268 279 292 322 334 353 381 377 395 427 448 442 468 519 570 527 489 538 555 559 543 523 514 492 465 444 435 430 412 403 397 388 376 376 344 340 347 303 296 263 173 152 138 149 153 158 160 155 147 118
568 564 558 556 476 452 453 434 416 403 389 374 377 398 384 319 302 290 275 262 255 255 248 236 226 214 210 210 209 210 213 219 223 230 238 241 241 242 242 244 252 260 269 271 282 303 323 368 444 431 369 385 400 434 467 500 494 457 551 551 583 583 574 552 527 498 472 451 431 417 402 392 375 371 383 370 362 363 344 320 272 241 247 201 179 163 164 163 157 133 118 104
569 586 572 528 503 489 469 446 -3.4e+38 -3.4e+38 390 374 365 371 356 321 297 271 262 249 238 236 231 219 208 201 200 199 200 202 205 209 215 222 230 236 236 235 235 236 242 249 252 257 262 285 337 348 445 408 365 377 404 421 440 449 425 461 487 498 551 574 576 558 531 506 480 459 438 415 400 386 377 389 377 360 359 362 347 345 329 332 295 257 218 189 177 157 131 119 112 107
590 589 605 605 564 520 499 -3.4e+38 -3.4e+38 -3.4e+38 -3.4e+38 373 369 349 327 303 278 266 251 237 225 213 205 195 191 190 190 190 191 193 195 199 205 212 219 225 225 224 224 227 230 235 239 245 250 273 329 351 360 406 396 385 377 399 404 393 437 482 533 572 566 576 575 561 538 517 489 466 446 424 405 386 373 373 355 346 345 349 348 343 342 330 321 302 269 198 151 141 130 124 118 113
615 616 616 610 594 557 547 -3.4e+38 -3.4e+38 428 399 377 381 380 331 293 275 271 271 243 219 203 189 184 182 180 181 182 182 183 186 188 193 200 206 210 213 213 214 216 219 223 230 237 245 251 273 334 343 351 391 422 371 366 363 412 440 504 487 509 551 545 555 564 542 526 502 479 461 434 415 393 377 364 356 344 360 322 342 346 313 310 336 303 266 218 157 146 139 133 127 122
631 632 630 621 626 598 555 497 455 430 413 400 386 383 352 306 268 257 257 299 270 238 196 189 180 175 173 172 173 173 176 180 183 188 193 197 200 200 203 205 208 212 219 222 230 234 248 287 333 321 333 340 357 337 357 389 406 429 455 490 480 501 554 568 532 526 514 493 476 456 430 407 388 367 349 344 322 330 336 313 300 315 337 316 314 273 189 157 149 142 136 129
627 622 634 639 623 599 561 -3.4e+38 460 422 419 422 395 386 396 316 261 251 276 276 330 305 228 191 178 171 167 165 165 164 166 168 171 175 179 182 186 189 191 195 196 200 204 210 215 219 227 247 297 323 298 297 317 323 341 360 367 387 424 450 433 498 531 553 518 522 511 500 480 467 445 423 407 391 368 355 332 313 300 318 297 308 335 328 303 242 204 173 160 152 145 140
599 600 622 624 612 586 549 519 444 413 380 401 425 374 348 306 266 265 298 429 423 290 248 201 180 167 161 158 156 156 158 158 160 163 166 170 174 177 180 183 186 189 194 198 203 210 215 228 256 297 296 277 295 320 342 330 352 378 375 387 392 438 447 525 492 482 453 461 475 470 457 427 405 390 379 359 350 351 337 304 300 307 312 313 338 291 208 184 174 175 161 155
-3.4e+38 -3.4e+38 -3.4e+38 605 591 566 532 481 -3.4e+38 -3.4e+38 359 349 390 403 349 323 313 261 280 379 382 335 345 239 206 175 158 152 151 149 148 149 150 153 156 160 164 167 170 172 175 180 183 189 195 202 208 214 220 237 252 280 300 303 328 322 320 327 373 437 458 460 456 405 412 437 485 501 502 491 465 434 416 402 390 374 361 360 349 331 340 325 302 314 321 299 218 198 188 188 178 170
-3.4e+38 -3.4e+38 -3.4e+38 -3.4e+38 -3.4e+38 539 495 447 422 380 344 324 326 377 345 329 384 319 251 267 290 294 373 321 220 209 172 150 145 142 139 140 141 144 146 149 154 157 161 164 167 171 174 179 186 191 199 206 210 216 227 257 287 297 309 311 306 355 357 424 489 508 477 481 470 485 509 512 508 500 480 452 429 413 393 377 369 357 336 353 346 335 325 318 351 347 270 212 203 193 187 179
-3.4e+38 -3.4e+38 -3.4e+38 -3.4e+38 -3.4e+38 483 476 444 394 -3.4e+38 335 310 291 281 313 302 315 312 259 243 248 249 262 269 256 245 209 164 146 137 133 132 132 134 137 141 146 149 152 155 158 161 166 170 175 181 188 194 201 213 220 223 235 259 288 296 288 299 384 389 428 490 503 481 457 475 518 533 521 503 483 458 438 421 407 390 377 362 348 340 338 337 367 337 326 311 263 223 225 205 194 183
-3.4e+38 -3.4e+38 -3.4e+38 -3.4e+38 -3.4e+38 448 449 427 372 345 -3.4e+38 292 276 261 256 276 278 292 309 224 220 227 234 211 206 235 238 186 158 141 131 127 126 128 132 135 139 143 146 148 151 153 157 162 168 175 181 188 192 195 202 205 210 221 247 279 271 291 337 391 379 406 477 478 457 452 485 498 509 514 495 485 468 452 440 431 413 369 354 347 327 347 356 381 331 308 280 272 241 215 203 193
-3.4e+38 -3.4e+38 -3.4e+38 -3.4e+38 -3.4e+38 -3.4e+38 430 427 367 -3.4e+38 -3.4e+38 -3.4e+38 264 249 235 231 234 267 299 243 200 194 195 203 205 218 284 275 223 193 148 128 125 127 130 131 134 138 140 143 144 147 150 156 161 167 172 177 184 188 195 202 207 213 221 245 272 277 301 314 306 380 467 452 439 428 460 468 458 477 459 464 486 450 428 411 398 380 364 364 362 329 337 346 321 328 292 257 242 220 211 201
-3.4e+38 -3.4e+38 -3.4e+38 -3.4e+38 -3.4e+38 -3.4e+38 431 373 325 -3.4e+38 -3.4e+38 -3.4e+38 -3.4e+38 -3.4e+38 225 217 221 295 341 340 221 222 213 206 227 238 296 310 254 218 187 156 135 131 130 130 132 135 136 139 142 144 147 151 156 161 166 170 177 181 185 192 198 203 208 229 240 268 289 289 352 337 383 424 386 423 456 418 425 415 481 506 491 465 440 424 406 390 375 365 378 362 336 316 290 310 283 254 246 242 219 210
-3.4e+38 -3.4e+38 -3.4e+38 -3.4e+38 -3.4e+38 408 415 417 324 291 278 -3.4e+38 -3.4e+38 -3.4e+38 216 207 198 205 283 285 237 208 223 259 263 266 362 392 355 300 233 210 173 146 136 132 132 132 135 137 139 141 145 147 151 156 160 166 171 179 183 189 194 200 205 211 220 233 278 268 314 388 355 355 360 393 393 450 501 495 445 484 499 487 459 432 412 394 380 365 361 345 326 311 302 290 279 262 250 249 246 229
-3.4e+38 -3.4e+38 -3.4e+38 -3.4e+38 -3.4e+38 422 467 465 387 317 274 259 246 -3.4e+38 211 202 193 185 182 227 230 222 265 312 393 319 444 479 423 445 359 252 226 231 173 141 135 133 134 135 137 138 142 145 150 153 157 161 169 176 182 186 192 194 198 200 207 216 253 261 285 340 424 423 450 436 460 454 501 518 488 524 513 502 481 460 433 413 398 380 363 350 339 329 320 306 289 279 259 261 283 283
-3.4e+38 -3.4e+38 -3.4e+38 -3.4e+38 -3.4e+38 389 397 458 422 345 311 265 243 231 -3.4e+38 197 188 181 177 181 298 311 310 417 531 549 370 425 481 451 456 327 318 291 224 183 146 138 136 135 136 138 140 144 147 150 154 158 165 172 176 181 184 187 192 196 201 206 217 247 268 297 356 374 429 458 454 464 468 490 510 523 524 511 501 479 457 435 409 393 382 367 360 353 338 331 304 286 276 267 257 274
-3.4e+38 -3.4e+38 -3.4e+38 -3.4e+38 -3.4e+38 -3.4e+38 360 354 377 414 342 299 247 232 215 203 182 177 173 173 244 376 280 369 430 520 497 381 531 478 485 433 389 379 262 233 179 146 137 137 136 138 139 141 145 147 151 155 161 164 171 174 177 181 187 195 206 214 215 231 261 269 284 323 402 394 405 425 423 433 467 493 498 522 502 486 473 440 425 419 412 396 384 370 357 343 314 283 277 297 279 277
-3.4e+38 -3.4e+38 -3.4e+38 -3.4e+38 -3.4e+38 -3.4e+38 -3.4e+38 346 374 464 484 336 273 244 221 202 188 178 176 174 175 237 304 388 421 510 462 421 414 474 493 380 352 295 269 227 223 168 144 139 138 138 139 140 143 146 149 152 156 160 164 169 175 180 187 196 206 204 204 206 241 253 293 300 369 376 338 371 388 397 443 430 478 518 507 507 494 477 446 440 431 415 401 386 371 358 342 312 294 291 273 267
-3.4e+38 -3.4e+38 -3.4e+38 -3.4e+38 -3.4e+38 -3.4e+38 -3.4e+38 347 369 426 515 451 315 286 248 218 200 190 188 183 181 194 278 366 435 458 475 442 401 404 410 395 367 317 329 243 225 179 151 143 141 139 138 139 141 143 146 148 152 157 161 166 170 175 178 183 192 190 191 192 208 224 241 272 294 333 360 376 357 351 385 421 438 470 487 488 507 494 469 451 442 427 409 392 388 367 357 341 308 290 277 263
-3.4e+38 -3.4e+38 -3.4e+38 -3.4e+38 -3.4e+38 -3.4e+38 -3.4e+38 -3.4e+38 362 377 411 433 443 392 337 268 237 221 208 201 197 196 203 290 384 427 493 473 399 383 372 418 413 289 291 251 216 185 156 145 141 140 139 138 140 141 143 145 148 152 156 161 165 168 171 174 177 179 182 183 190 200 219 232 257 297 330 336 305 308 295 396 393 406 433 470 490 489 479 481 452 429 407 404 400 382 356 359 344 323 293 274
-3.4e+38 -3.4e+38 -3.4e+38 -3.4e+38 -3.4e+38 -3.4e+38 -3.4e+38 -3.4e+38 362 368 373 393 461 514 510 402 292 255 240 231 221 216 214 235 341 373 470 533 441 410 381 408 454 353 264 258 225 179 155 147 142 140 138 137 136 137 139 140 143 146 151 156 160 164 167 169 170 171 173 176 179 187 199 214 237 262 266 276 283 282 315 373 422 466 426 450 474 478 484 501 478 439 418 424 399 358 350 335 337 328 317 289
-3.4e+38 -3.4e+38 -3.4e+38 -3.4e+38 -3.4e+38 -3.4e+38 -3.4e+38 -3.4e+38 366 390 396 403 400 442 519 462 367 300 279 264 249 241 238 259 310 335 372 468 481 403 347 340 323 267 302 235 231 197 160 148 142 140 137 135 134 133 135 136 138 142 145 150 155 159 161 163 164 165 166 168 171 175 185 199 217 234 239 230 247 289 337 320 393 428 463 474 476 450 476 503 486 444 423 427 389 381 369 333 315 305 314 297
-3.4e+38 -3.4e+38 -3.4e+38 -3.4e+38 -3.4e+38 -3.4e+38 -3.4e+38 -3.4e+38 380 389 436 470 498 421 469 543 484 418 333 325 289 270 268 254 284 300 294 377 425 420 343 343 288 258 256 239 226 202 171 152 141 137 134 132 130 129 130 131 133 137 140 144 148 152 154 155 156 158 159 161 163 166 170 177 197 203 202 228 256 295 311 291 357 393 399 401 432 434 438 478 488 436 425 463 462 435 391 349 324 309 307 308
-3.4e+38 -3.4e+38 -3.4e+38 -3.4e+38 -3.4e+38 -3.4e+38 -3.4e+38 -3.4e+38 388 398 441 461 483 483 433 450 477 457 389 468 406 344 305 295 259 269 277 310 392 366 325 344 290 283 271 275 242 223 187 163 140 135 131 128 126 125 125 127 128 130 134 137 141 143 146 148 149 150 153 155 157 158 162 165 172 182 199 207 222 259 265 292 322 381 367 342 393 385 404 435 449 420 441 441 459 437 385 347 330 315 304 295
-3.4e+38 -3.4e+38 -3.4e+38 -3.4e+38 -3.4e+38 -3.4e+38 -3.4e+38 -3.4e+38 -3.4e+38 387 425 441 498 525 441 420 431 449 438 451 504 418 381 338 306 276 256 267 316 376 320 347 290 258 267 258 260 236 192 159 142 132 129 124 122 120 121 122 124 126 128 131 133 137 140 141 144 145 147 149 151 152 154 157 160 167 180 190 198 217 265 271 286 318 305 377 356 318 350 370 387 440 470 483 485 452 406 367 339 340 331 311
-3.4e+38 -3.4e+38 -3.4e+38 -3.4e+38 -3.4e+38 -3.4e+38 -3.4e+38 -3.4e+38 -3.4e+38 386 394 427 468 520 540 434 422 423 421 426 445 513 444 363 318 303 267 253 267 349 321 349 303 262 231 229 254 231 174 167 139 130 125 122 119 118 117 117 119 121 123 126 128 129 132 135 136 139 140 141 144 145 147 149 151 156 162 171 173 208 242 260 270 268 268 353 316 361 359 450 445 457 496 484 498 487 468 394 352 338 347 324
-3.4e+38 -3.4e+38 -3.4e+38 -3.4e+38 -3.4e+38 -3.4e+38 -3.4e+38 -3.4e+38 -3.4e+38 -3.4e+38 -3.4e+38 415 429 479 512 476 417 419 414 397 424 448 446 416 350 316 283 260 250 265 282 286 303 258 214 227 234 196 165 153 140 133 127 120 118 115 115 114 115 116 118 121 123 123 126 129 130 132 134 135 137 138 140 141 144 147 151 157 164 182 192 205 209 247 245 266 286 348 367 435 460 468 500 444 444 495 456 454 392 361 358 369
-3.4e+38 -3.4e+38 -3.4e+38 -3.4e+38 -3.4e+38 -3.4e+38 -3.4e+38 -3.4e+38 -3.4e+38 -3.4e+38 -3.4e+38 -3.4e+38 412 436 461 464 442 427 413 400 391 389 372 358 368 324 284 266 253 239 255 266 252 228 221 237 228 213 179 165 168 152 134 125 117 114 112 109 111 113 113 116 118 118 120 122 124 126 127 129 130 132 132 134 136 140 142 148 155 164 171 184 189 211 228 273 291 298 355 386 396 427 422 425 413 455 473 463 453 415 409 371
-3.4e+38 -3.4e+38 -3.4e+38 -3.4e+38 -3.4e+38 -3.4e+38 -3.4e+38 -3.4e+38 -3.4e+38 -3.4e+38 -3.4e+38 -3.4e+38 -3.4e+38 418 431 440 437 415 407 391 376 365 342 317 317 353 328 301 254 232 218 214 212 216 234 250 273 312 202 167 152 150 139 128 119 113 109 108 107 108 110 112 113 115 115 117 118 119 121 123 124 126 128 129 130 132 137 141 148 155 161 176 173 191 218 227 237 252 274 326 374 385 381 402 391 415 413 433 448 445 427 368
-3.4e+38 -3.4e+38 -3.4e+38 -3.4e+38 -3.4e+38 -3.4e+38 -3.4e+38 -3.4e+38 -3.4e+38 -3.4e+38 -3.4e+38 -3.4e+38 -3.4e+38 -3.4e+38 -3.4e+38 417 417 414 -3.4e+38 -3.4e+38 360 356 336 309 288 293 317 282 253 225 211 198 190 188 216 260 320 257 224 184 165 142 139 128 128 119 108 106 106 106 106 108 109 110 111 112 113 116 116 118 118 121 122 124 126 128 131 137 144 149 157 161 164 180 213 217 227 229 293 337 358 336 351 375 376 405 385 417 469 413 439 381
-3.4e+38 -3.4e+38 -3.4e+38 -3.4e+38 -3.4e+38 -3.4e+38 -3.4e+38 -3.4e+38 -3.4e+38 -3.4e+38 -3.4e+38 -3.4e+38 -3.4e+38 -3.4e+38 -3.4e+38 -3.4e+38 -3.4e+38 -3.4e+38 -3.4e+38 -3.4e+38 -3.4e+38 341 325 300 288 275 267 263 239 242 216 197 186 179 207 276 338 343 273 202 206 171 143 140 140 138 117 106 103 103 104 105 105 106 107 109 110 110 111 113 114 116 118 120 123 125 127 133 138 144 149 153 162 168 180 188 196 213 246 313 345 349 360 299 348 371 365 368 368 393 410 384
-3.4e+38 -3.4e+38 -3.4e+38 -3.4e+38 -3.4e+38 -3.4e+38 -3.4e+38 -3.4e+38 -3.4e+38 -3.4e+38 -3.4e+38 -3.4e+38 -3.4e+38 -3.4e+38 -3.4e+38 -3.4e+38 -3.4e+38 -3.4e+38 -3.4e+38 -3.4e+38 -3.4e+38 -3.4e+38 315 304 289 275 263 262 235 213 204 196 184 179 186 237 286 254 335 217 209 220 171 158 150 139 126 109 102 102 100 102 103 104 104 105 105 106 108 109 110 112 114 117 118 122 125 129 134 138 144 151 155 162 169 177 184 196 213 267 307 281 282 310 354 384 372 357 357 350 343 334
-3.4e+38 -3.4e+38 -3.4e+38 -3.4e+38 -3.4e+38 -3.4e+38 -3.4e+38 -3.4e+38 -3.4e+38 -3.4e+38 -3.4e+38 -3.4e+38 -3.4e+38 -3.4e+38 -3.4e+38 -3.4e+38 -3.4e+38 -3.4e+38 -3.4e+38 -3.4e+38 -3.4e+38 -3.4e+38 310 295 278 274 264 265 264 255 225 211 189 182 189 190 243 241 282 281 218 283 296 237 178 140 123 110 104 100 99 100 100 101 102 102 102 103 103 105 107 109 109 112 115 119 122 125 130 136 140 145 150 157 162 170 176 186 199 217 236 273 269 330 335 372 388 384 362 403 443 450
-3.4e+38 -3.4e+38 -3.4e+38 -3.4e+38 -3.4e+38 -3.4e+38 -3.4e+38 -3.4e+38 -3.4e+38 -3.4e+38 -3.4e+38 -3.4e+38 -3.4e+38 -3.4e+38 -3.4e+38 -3.4e+38 -3.4e+38 -3.4e+38 -3.4e+38 -3.4e+38 -3.4e+38 -3.4e+38 307 292 269 251 237 234 263 333 341 271 225 192 185 196 212 240 244 282 275 302 303 263 159 124 121 116 107 102 99 99 100 99 99 99 99 100 101 102 103 106 106 109 112 115 118 122 125 130 135 140 143 149 155 162 169 176 188 194 215 236 289 331 339 362 372 389 405 394 479 467
-3.4e+38 -3.4e+38 -3.4e+38 -3.4e+38 -3.4e+38 -3.4e+38 -3.4e+38 -3.4e+38 -3.4e+38 -3.4e+38 -3.4e+38 -3.4e+38 -3.4e+38 -3.4e+38 -3.4e+38 -3.4e+38 -3.4e+38 -3.4e+38 -3.4e+38 -3.4e+38 -3.4e+38 -3.4e+38 309 292 265 241 221 207 247 289 351 336 278 214 187 177 217 226 232 269 291 309 354 282 149 135 165 161 122 104 99 99 98 98 97 97 96 96 97 100 100 103 104 106 108 112 114 118 121 125 130 134 140 144 150 156 163 169 175 193 228 219 271 329 324 357 353 351 363 405 486 492
-3.4e+38 -3.4e+38 -3.4e+38 -3.4e+38 -3.4e+38 -3.4e+38 -3.4e+38 -3.4e+38 -3.4e+38 -3.4e+38 -3.4e+38 -3.4e+38 -3.4e+38 -3.4e+38 -3.4e+38 -3.4e+38 -3.4e+38 -3.4e+38 -3.4e+38 -3.4e+38 -3.4e+38 -3.4e+38 317 299 264 237 210 190 194 256 336 348 357 274 206 177 193 189 258 262 283 320 334 317 174 146 197 194 148 107 100 98 97 97 97 94 95 95 95 97 97 99 101 104 106 108 111 113 117 122 125 130 134 141 145 151 157 162 166 183 188 195 208 265 285 299 340 358 355 363 379 434
-3.4e+38 -3.4e+38 -3.4e+38 -3.4e+38 -3.4e+38 -3.4e+38 -3.4e+38 -3.4e+38 -3.4e+38 -3.4e+38 -3.4e+38 -3.4e+38 -3.4e+38 -3.4e+38 -3.4e+38 -3.4e+38 -3.4e+38 -3.4e+38 -3.4e+38 404 -3.4e+38 353 343 324 283 240 209 182 175 197 221 272 345 346 316 224 193 233 207 254 277 250 266 216 149 152 187 206 160 116 100 98 98 96 94 94 93 93 92 94 95 96 98 100 103 105 108 110 114 117 121 126 132 136 142 147 152 156 162 169 174 180 186 204 241 308 323 327 331 343 340 376
-3.4e+38 -3.4e+38 -3.4e+38 -3.4e+38 -3.4e+38 -3.4e+38 -3.4e+38 -3.4e+38 -3.4e+38 -3.4e+38 -3.4e+38 -3.4e+38 -3.4e+38 -3.4e+38 -3.4e+38 -3.4e+38 -3.4e+38 -3.4e+38 432 433 408 372 367 359 317 278 242 198 184 182 187 216 251 330 377 324 224 211 269 284 371 341 236 188 152 124 127 129 124 111 115 105 101 97 94 91 91 91 92 92 94 95 96 97 99 102 104 107 111 114 118 121 126 131 136 142 147 152 156 160 166 175 179 189 233 293 299 290 326 325 330 322
-3.4e+38 -3.4e+38 -3.4e+38 -3.4e+38 -3.4e+38 -3.4e+38 -3.4e+38 -3.4e+38 -3.4e+38 -3.4e+38 -3.4e+38 -3.4e+38 -3.4e+38 -3.4e+38 -3.4e+38 -3.4e+38 -3.4e+38 -3.4e+38 442 443 438 421 399 383 340 351 368 297 216 187 182 191 219 271 327 309 278 226 206 227 321 382 288 312 274 197 175 148 141 130 138 127 112 100 95 92 92 91 92 92 91 94 95 97 98 99 102 104 109 111 114 118 122 127 131 137 140 146 149 155 160 167 170 174 186 221 243 270 307 287 319 322
-3.4e+38 -3.4e+38 -3.4e+38 -3.4e+38 -3.4e+38 -3.4e+38 -3.4e+38 -3.4e+38 -3.4e+38 -3.4e+38 -3.4e+38 -3.4e+38 -3.4e+38 -3.4e+38 -3.4e+38 -3.4e+38 -3.4e+38 -3.4e+38 -3.4e+38 456 459 433 411 397 393 371 410 449 332 212 187 178 182 202 266 290 264 227 206 197 218 281 324 339 282 213 215 240 239 179 195 198 174 129 106 96 95 93 92 90 91 92 92 94 95 98 99 102 106 109 111 115 118 123 127 131 136 141 144 147 153 157 162 167 191 215 202 244 284 254 295 288
