data/train-rasters-2.5m/bclim16.asc
NCOLS 322 
NROWS 151 
XLLCORNER -122.75 
YLLCORNER 31.9166666666667 
CELLSIZE 0.0416666666666677 
NODATA_value -3.4e+38 
[rows 40 to 79 of 151, columns 180 to 269 of 322]
99 80 84 95 91 65 51 49 45 46 46 48 47 49 52 57 53 51 49 49 50 49 53 55 61 66 73 85 98 87 83 83 83 81 82 89 95 105 115 119 118 117 114 113 110 107 120 124 120 117 114 114 113 113 111 111 108 105 105 103 105 97 80 92 85 106 123 134 146 151 155 162 166 170 167 160 138 118 94 89 85 76 79 84 85 89 89 84 100 98
71 69 84 96 75 58 50 48 45 45 46 48 48 50 54 57 54 53 52 49 49 49 51 53 59 65 68 75 87 80 78 76 77 77 79 95 114 113 114 119 118 117 115 115 110 107 118 124 122 124 127 123 118 117 116 113 110 108 108 108 108 102 81 82 88 116 127 135 145 152 158 162 168 172 171 167 147 118 97 92 84 75 85 85 88 90 91 89 87 98
59 68 75 82 67 57 51 47 45 47 48 48 51 53 57 60 56 55 54 51 49 49 50 55 59 63 65 69 70 73 73 71 71 73 79 97 117 122 120 117 119 118 115 112 109 108 114 125 124 127 129 121 115 119 119 116 115 113 110 109 110 102 78 85 97 93 101 126 140 156 161 165 170 176 175 171 144 114 102 95 91 76 84 90 93 90 90 92 86 94
54 77 72 60 64 59 49 46 46 50 51 51 54 59 67 67 63 61 60 52 48 48 50 60 66 71 72 68 66 67 68 67 68 73 83 98 117 127 122 119 119 127 124 114 111 111 115 129 130 133 140 128 112 119 121 119 111 114 113 107 108 105 83 79 77 76 79 91 104 146 158 164 168 175 177 174 159 121 109 104 81 72 92 90 91 91 92 92 91 87
38 43 47 47 49 51 49 49 50 55 53 54 61 62 62 59 58 63 56 49 48 50 56 69 73 84 77 72 69 64 61 64 67 72 87 96 105 123 121 119 115 115 114 110 112 111 111 123 135 143 132 123 109 119 122 116 93 111 115 102 86 79 79 90 106 110 86 78 110 133 155 162 167 173 177 178 177 144 125 109 85 84 96 93 92 92 92 93 90 85
40 41 41 42 44 45 48 50 51 54 57 60 69 68 60 58 57 54 51 50 48 52 59 69 75 84 81 78 69 61 60 64 67 72 89 93 98 111 117 118 120 116 114 113 107 109 108 105 109 128 128 111 106 123 123 108 87 92 99 79 79 87 84 108 109 98 75 93 125 123 129 138 159 170 174 176 178 171 143 119 92 81 98 95 93 91 90 89 82 82
40 42 41 43 43 43 46 49 50 51 53 57 64 65 59 56 54 55 55 56 49 53 62 70 78 86 92 84 67 57 59 61 64 73 89 94 103 117 116 119 120 119 120 118 114 106 101 105 100 130 132 105 110 107 110 87 80 81 85 92 81 93 110 114 111 77 91 113 103 93 86 104 150 163 165 164 170 171 139 89 76 74 89 97 93 89 87 82 77 82
41 42 42 43 44 44 49 48 47 49 51 53 54 56 55 58 58 62 60 53 49 53 62 70 80 89 87 77 65 55 58 63 65 74 88 92 113 123 122 122 121 125 124 109 107 113 94 106 92 119 118 101 95 86 83 89 89 97 113 101 100 85 110 118 118 94 85 78 79 74 81 106 147 127 132 163 162 148 156 114 89 79 76 95 92 86 82 77 75 77
42 43 43 42 43 47 50 45 46 47 47 50 50 50 57 56 55 55 53 50 50 53 62 72 79 87 74 67 60 56 57 60 68 85 101 110 115 125 124 122 129 128 125 108 87 91 85 96 85 98 88 81 93 111 95 111 92 113 120 111 103 95 88 106 119 124 112 86 111 106 74 94 100 97 125 141 117 120 159 149 100 79 71 78 75 74 77 75 75 73
45 45 44 45 44 46 48 46 44 43 44 45 45 48 47 49 55 48 49 49 50 51 58 77 78 74 65 55 59 61 55 60 79 87 96 115 122 124 124 124 128 129 131 126 97 82 87 92 79 78 98 101 112 129 105 110 115 123 122 119 108 114 90 98 109 122 122 118 128 120 80 74 76 95 98 94 87 107 120 142 101 69 69 98 86 74 74 72 71 69
45 44 45 45 45 45 46 46 47 45 43 45 45 46 55 58 61 49 49 49 51 51 51 58 63 62 57 54 66 60 59 64 77 95 95 101 112 117 120 123 126 129 129 132 111 87 76 77 72 92 120 120 128 126 124 119 126 126 124 122 117 117 109 98 114 117 122 124 127 127 118 97 77 75 74 73 79 78 98 100 77 65 72 102 87 73 76 73 71 69
47 47 47 46 46 46 47 50 54 53 45 45 45 57 67 66 61 53 49 51 54 52 51 53 56 66 57 57 70 68 73 84 71 71 75 84 94 101 112 117 110 124 121 127 116 84 86 97 90 129 131 126 141 132 133 128 129 129 126 124 121 121 120 101 105 117 119 121 125 126 129 128 115 118 122 114 99 76 74 78 68 78 102 111 91 81 73 76 74 70
48 47 48 48 49 49 51 52 57 60 50 48 47 55 67 76 62 56 52 53 54 53 53 53 54 60 56 62 71 70 83 97 96 88 79 71 89 89 100 114 98 108 118 118 91 73 93 120 108 139 133 136 141 138 135 132 131 129 127 125 122 122 122 116 116 107 117 119 123 127 126 128 130 134 136 140 133 97 88 86 107 128 133 120 98 83 84 81 76 71
49 48 50 52 55 58 55 56 59 60 58 54 46 53 63 76 66 58 55 58 58 58 59 59 63 62 63 72 74 75 97 105 102 102 98 70 74 91 107 95 90 102 123 121 94 76 76 107 116 136 134 144 141 141 137 135 132 130 129 127 124 124 122 120 119 113 119 119 121 126 126 127 131 134 136 139 141 147 140 135 134 131 128 123 108 83 84 83 76 71
53 52 53 55 63 59 55 54 51 55 57 57 48 51 57 71 65 58 57 63 64 64 65 66 71 67 69 80 79 81 105 109 107 105 89 80 65 91 101 85 102 124 130 115 112 90 76 91 114 133 136 149 146 142 139 135 132 131 129 127 127 125 125 122 120 115 117 120 119 121 126 126 132 136 136 139 140 144 149 149 136 127 123 117 115 110 95 81 76 68
55 56 58 59 67 58 51 48 49 53 55 60 54 46 51 64 63 58 59 65 68 72 73 74 72 68 74 82 82 87 103 103 110 109 105 102 72 82 85 86 101 97 110 126 115 90 73 96 137 144 146 148 146 143 140 136 135 131 129 128 127 126 125 123 120 119 118 118 120 120 122 125 129 133 136 137 139 145 147 147 145 139 136 136 136 131 126 117 92 71
57 58 59 62 61 52 48 48 52 55 59 63 51 47 48 57 62 60 62 66 73 76 83 79 76 70 73 80 92 105 103 110 114 111 106 92 84 74 71 71 91 95 108 129 103 86 72 102 144 143 156 148 147 144 142 138 135 131 129 128 127 126 125 124 123 120 121 119 119 122 122 123 128 132 133 134 134 138 142 142 142 141 140 137 133 126 118 117 96 74
54 57 61 63 54 49 48 52 58 60 62 64 52 51 55 58 64 62 63 68 73 79 85 89 83 75 72 77 98 114 119 116 112 112 110 109 106 88 71 90 74 89 103 109 97 82 75 110 139 138 150 143 142 147 144 138 137 132 128 128 126 127 125 125 123 123 122 119 120 125 125 124 127 130 132 134 132 134 136 137 137 137 137 135 131 124 116 102 83 77
55 60 60 57 50 50 51 56 63 67 66 56 51 50 58 62 69 65 64 69 75 79 85 91 85 77 72 74 78 92 104 117 115 112 111 108 96 95 81 106 101 72 78 80 82 70 98 115 122 137 148 140 137 146 145 141 137 135 131 128 127 126 127 126 125 123 123 121 122 127 126 124 125 128 131 131 131 133 134 137 138 137 134 133 128 123 114 98 87 81
59 63 63 57 56 54 54 60 70 73 69 56 48 46 55 65 71 67 65 68 73 80 83 87 84 77 74 72 71 75 80 94 104 111 111 105 111 109 99 95 102 103 104 91 89 89 94 105 115 137 147 139 136 143 146 141 138 138 144 136 131 127 127 128 125 125 124 123 123 127 127 125 127 127 129 132 136 136 138 137 138 138 135 131 126 119 111 98 91 86
64 71 71 64 62 59 59 64 77 79 68 57 48 44 54 60 66 70 67 68 72 80 83 88 83 78 76 73 74 74 73 77 89 111 117 116 114 108 96 105 108 108 108 103 97 110 113 114 127 139 146 142 135 140 150 146 144 141 144 144 141 135 131 134 126 126 125 125 125 125 128 128 128 129 130 132 136 137 140 139 139 139 136 131 124 115 107 100 95 92
73 87 81 70 71 67 63 66 74 81 73 61 50 45 48 55 66 74 71 70 71 79 84 83 82 82 78 74 77 74 73 75 90 111 123 120 114 108 111 114 111 112 112 98 107 117 125 126 129 135 141 141 134 144 152 150 146 144 144 147 148 140 140 134 128 128 127 127 127 128 129 130 131 132 132 133 136 139 143 143 143 141 138 136 124 116 114 109 103 99
79 104 95 77 76 75 69 68 71 78 75 58 51 45 46 55 67 83 80 74 71 75 77 81 90 95 82 73 73 72 73 75 79 91 114 119 116 120 121 116 114 114 107 102 114 127 129 131 134 132 134 132 134 151 152 148 146 146 149 150 151 145 142 140 132 130 130 131 132 133 133 133 134 135 136 137 140 141 145 147 145 145 141 135 127 124 123 118 111 105
77 103 95 82 80 79 75 72 73 77 72 58 50 45 46 56 69 87 85 76 73 74 76 80 92 105 86 74 74 73 74 76 77 83 95 107 122 130 127 121 116 111 109 113 122 126 126 128 130 130 130 131 137 154 148 146 143 146 149 156 151 145 143 139 137 131 133 136 138 138 137 138 139 140 140 141 145 148 153 154 154 151 147 141 137 136 137 131 118 111
73 91 90 82 78 78 79 76 78 77 66 59 50 45 46 54 63 80 82 77 74 75 78 82 94 118 93 79 76 74 74 77 79 81 85 92 118 132 125 115 112 112 115 118 123 126 128 130 133 133 131 131 132 142 146 146 142 143 149 153 147 145 143 140 137 136 137 141 141 144 143 142 143 144 147 148 153 158 161 159 164 162 161 163 155 152 151 144 129 120
67 76 85 87 78 77 77 78 79 74 64 56 50 45 46 51 60 76 83 78 76 77 79 86 99 115 100 88 79 77 76 77 79 82 86 90 114 118 112 109 109 112 117 127 127 128 130 135 136 138 133 128 128 132 148 148 143 142 147 158 152 152 146 143 141 142 142 141 144 147 148 147 148 150 159 158 158 166 168 167 174 174 174 173 174 166 164 151 141 134
67 76 86 86 80 78 76 74 76 75 64 56 49 45 44 48 55 70 80 80 78 79 80 86 92 104 115 109 91 81 79 80 80 83 88 90 101 113 108 109 112 114 117 123 131 134 134 135 138 140 135 131 128 129 138 151 145 141 148 152 156 151 145 143 143 142 140 141 144 151 153 153 154 155 160 163 168 172 172 177 190 197 189 186 191 179 167 157 150 149
72 79 89 84 80 77 75 72 72 71 66 61 53 48 44 46 52 60 72 81 81 82 81 84 88 92 117 108 95 86 81 85 81 86 98 98 97 110 108 115 117 120 122 128 140 141 140 139 138 134 138 138 135 132 133 152 145 140 143 150 161 153 148 144 140 137 140 146 146 153 158 157 159 163 169 175 176 180 179 182 188 211 200 197 197 200 194 176 169 174
82 90 88 83 83 74 71 68 68 67 69 67 60 54 49 45 50 57 66 79 88 89 86 85 84 88 98 112 93 86 83 82 83 90 103 112 101 100 108 120 127 129 134 142 141 139 140 135 135 135 137 144 142 141 139 144 137 135 140 147 156 153 147 142 138 138 143 151 154 158 164 163 167 172 173 173 179 196 196 188 191 194 196 205 215 257 245 203 174 169
86 87 86 89 85 77 68 66 66 66 70 75 70 63 58 46 49 56 66 78 90 85 82 81 82 85 93 108 90 87 84 83 85 92 103 121 109 104 106 120 135 139 137 138 138 138 139 137 137 136 140 151 148 145 138 133 137 135 139 146 150 148 143 137 138 136 139 155 156 160 169 172 173 175 179 181 184 191 196 191 191 194 194 203 213 242 243 202 173 164
87 85 84 85 82 80 66 64 64 67 74 82 86 73 62 50 49 55 64 78 91 82 78 78 80 83 89 103 92 86 84 84 88 93 102 120 111 106 104 110 118 138 135 134 138 140 142 142 139 139 140 149 151 144 137 139 138 137 142 150 151 148 140 135 137 138 140 147 151 163 173 183 185 182 185 187 187 186 189 190 191 192 195 197 192 195 204 204 175 166
87 83 82 81 79 83 66 61 62 67 73 83 82 70 59 49 46 53 63 75 88 79 77 77 79 80 85 93 90 88 88 88 93 96 101 112 108 109 104 107 117 134 127 130 135 138 141 142 140 142 145 155 152 149 143 139 139 141 143 156 154 144 138 133 134 135 137 143 152 165 176 183 192 196 193 192 189 188 187 188 194 190 190 195 196 192 187 195 176 172
88 83 80 79 78 80 66 59 60 64 70 73 71 64 55 48 47 53 61 70 83 83 77 75 77 77 80 89 89 89 93 100 105 105 106 106 104 102 104 104 120 127 126 127 133 135 137 146 146 143 146 154 155 157 150 142 138 138 135 141 142 139 138 136 136 138 140 145 151 167 180 185 201 202 197 194 190 190 187 188 193 193 194 195 193 190 185 181 179 173
86 81 79 77 77 78 68 61 59 62 68 72 69 61 51 47 47 53 59 66 78 86 78 73 73 75 77 82 86 91 100 117 125 134 119 110 104 100 98 105 107 117 126 131 142 137 137 142 145 143 145 149 155 158 157 150 147 149 146 135 134 140 143 144 146 145 145 147 152 165 179 188 191 198 200 197 190 190 190 191 195 198 198 200 195 190 188 184 183 181
82 81 78 78 75 75 66 61 59 58 64 66 61 53 46 46 49 53 59 65 75 90 79 72 70 71 74 79 88 93 102 126 153 145 124 114 106 98 96 102 112 117 126 135 141 137 133 138 140 143 145 151 159 160 161 155 156 160 152 140 137 141 150 155 159 155 150 149 152 161 177 188 188 194 201 201 197 193 188 188 198 202 200 202 195 190 191 188 188 190
87 80 76 75 72 73 67 64 60 57 59 64 57 49 45 45 49 54 61 68 73 85 82 70 68 71 73 77 83 95 108 127 158 142 120 109 102 98 96 106 119 127 131 131 136 134 134 139 144 145 147 151 159 162 168 164 165 161 155 146 140 140 145 153 167 165 160 154 153 156 166 177 180 189 195 197 193 193 187 189 200 201 202 202 193 191 195 194 192 190
77 75 70 68 69 69 66 68 63 57 57 63 60 46 44 46 49 52 58 65 71 84 77 70 68 69 71 74 81 90 111 120 143 134 117 109 100 94 96 114 125 125 121 120 127 130 143 144 147 154 154 155 159 167 175 172 175 165 157 152 147 143 144 148 158 168 167 159 151 154 156 161 172 182 189 195 193 187 176 190 202 198 198 195 190 196 202 204 199 197
67 68 67 66 64 64 62 61 58 55 54 58 52 45 44 45 48 52 55 60 69 85 82 70 66 67 69 73 80 93 121 139 137 127 117 105 100 95 96 103 105 115 124 123 129 139 151 160 155 158 164 159 163 169 179 187 179 170 160 156 153 148 149 146 149 157 164 160 155 154 153 155 161 164 173 185 179 161 173 188 195 198 194 193 190 197 198 202 206 212
61 63 62 61 61 61 59 57 55 54 52 51 47 45 45 45 46 50 53 56 62 75 81 78 71 65 67 70 77 89 110 128 135 129 114 103 96 92 91 94 111 128 138 131 132 146 164 168 164 161 165 167 164 174 181 178 176 167 160 158 156 154 150 149 150 151 156 161 161 158 152 151 154 157 164 162 161 159 182 167 188 195 196 204 198 194 196 202 206 214
56 56 57 58 61 61 56 56 58 57 53 50 47 46 44 45 45 49 51 54 60 66 69 74 80 65 65 70 76 87 103 111 136 136 134 117 103 94 89 91 107 127 144 137 134 143 147 153 162 167 165 161 164 177 185 179 170 167 167 164 159 157 154 152 152 153 154 160 160 156 155 153 149 149 154 158 159 184 162 159 164 169 182 188 196 196 198 202 207 213
