data/train-rasters-2.5m/bclim19.asc
NCOLS 322 
NROWS 151 
XLLCORNER -122.75 
YLLCORNER 31.9166666666667 
CELLSIZE 0.0416666666666677 
NODATA_value -3.4e+38 
[rows 41 to 81 of 151, columns 184 to 275 of 322]
67 51 43 42 38 37 39 40 41 42 46 48 48 46 44 41 40 41 42 45 51 55 58 64 75 68 68 66 67 67 69 85 102 101 102 107 107 105 103 103 98 96 106 111 110 112 113 109 101 102 100 98 95 92 92 91 92 87 68 68 73 100 106 113 123 132 137 141 148 150 148 142 125 93 73 69 62 52 61 62 65 67 66 62 62 70 61 52 51 55 53 50
60 51 45 41 38 39 41 41 44 45 48 51 49 49 47 44 41 42 42 47 51 54 55 59 60 61 63 62 62 64 70 86 106 110 109 106 108 106 103 101 97 96 102 111 109 112 114 104 97 103 100 99 98 95 92 91 92 85 65 68 80 75 81 104 116 131 138 142 148 153 151 146 119 89 75 72 67 52 60 65 67 65 65 66 60 67 56 50 48 50 48 50
58 53 43 40 40 42 43 44 46 51 59 58 55 54 52 44 41 41 42 51 57 61 62 58 56 57 59 58 58 63 73 87 103 114 110 106 106 114 111 100 97 96 98 113 115 116 126 110 92 99 102 97 91 95 95 89 89 85 68 64 63 60 62 70 83 122 135 141 146 152 151 148 135 97 82 76 55 48 68 66 66 66 66 67 65 60 54 48 47 49 48 48
44 45 43 41 42 47 45 47 53 54 54 49 48 54 47 39 41 42 47 59 64 74 66 62 60 56 53 54 57 63 79 87 94 110 108 105 103 101 99 97 98 96 94 107 119 126 114 104 87 99 102 94 75 90 95 83 69 63 63 70 86 89 68 59 89 112 132 139 144 150 152 151 149 118 99 82 58 60 71 68 66 66 67 67 63 58 52 47 50 47 44 48
39 40 40 40 42 45 48 51 60 60 52 48 47 46 42 41 41 45 52 61 66 73 70 69 60 53 51 55 58 63 80 84 89 98 104 102 103 101 99 97 92 93 92 89 90 109 109 90 86 102 100 86 72 73 78 63 63 68 66 86 87 76 57 72 105 101 107 115 132 143 147 150 150 143 115 90 65 57 72 70 67 65 64 62 56 55 50 47 46 44 43 43
36 36 36 38 41 43 45 49 55 55 49 47 46 47 48 50 43 47 54 62 68 75 82 74 58 49 51 53 56 64 79 85 93 102 100 102 102 102 102 99 96 90 86 87 81 109 112 83 88 85 87 69 66 66 67 73 64 72 87 90 88 59 69 89 79 68 62 79 127 139 140 140 144 142 110 62 50 50 64 71 66 62 59 54 52 55 50 45 45 44 43 43
36 35 41 40 38 39 43 46 46 47 47 50 49 54 53 47 44 47 54 62 70 79 77 68 56 48 50 54 56 65 78 82 98 107 104 103 102 105 102 88 89 93 79 86 76 96 93 80 76 69 68 70 70 75 88 77 75 64 84 91 93 72 64 59 58 54 58 80 122 101 107 137 134 120 128 86 62 55 52 68 64 57 54 50 51 51 49 45 44 43 42 41
37 40 43 38 38 37 40 42 44 44 50 48 48 49 47 43 44 47 55 64 69 77 64 58 51 48 50 52 58 75 89 94 98 106 103 103 108 105 103 87 72 76 72 77 70 77 71 67 72 86 73 85 69 88 93 84 76 71 65 80 92 96 84 62 86 81 52 67 72 69 100 116 89 93 132 121 70 53 46 52 49 48 50 48 49 47 45 43 39 42 41 40
38 37 39 38 38 37 38 40 40 42 42 44 48 41 42 42 44 44 52 69 69 64 56 47 51 53 46 50 69 77 83 97 104 104 103 102 106 106 109 102 77 68 71 74 66 64 78 77 86 98 78 82 87 93 93 90 79 84 65 71 80 92 93 91 101 93 55 52 52 67 69 66 58 79 91 113 70 44 45 68 56 47 47 45 44 43 42 40 36 35 36 36
38 36 38 39 41 40 38 39 39 40 49 51 54 43 42 42 42 44 44 50 55 55 50 47 58 51 50 55 68 81 82 85 93 96 97 100 103 106 105 106 87 71 64 64 62 72 91 89 97 94 93 87 96 94 93 91 85 85 78 69 83 87 92 94 97 98 90 69 53 51 50 49 53 52 69 70 49 40 46 72 56 46 46 45 44 41 41 38 35 32 30 32
41 40 40 43 47 46 39 39 39 50 58 59 54 47 42 42 45 45 44 45 48 58 50 50 61 58 63 75 63 61 65 72 78 81 89 92 86 98 95 100 88 69 70 75 70 99 100 92 107 98 99 94 96 95 92 90 88 87 86 70 74 84 88 89 94 95 97 98 86 90 93 85 70 48 47 50 43 50 71 78 59 51 44 46 44 41 39 37 34 32 32 35
43 44 44 45 49 52 43 42 42 48 59 67 54 48 45 45 47 47 47 47 47 53 49 55 63 60 72 82 80 75 69 62 73 74 78 89 76 83 91 90 70 62 73 90 78 109 100 101 106 103 99 96 96 93 92 91 88 88 87 82 83 76 84 86 91 94 93 96 99 103 108 111 102 66 58 56 76 96 101 85 62 52 53 50 46 41 39 37 34 33 30 32
50 52 49 49 50 50 49 47 41 46 55 67 57 49 46 51 51 51 52 53 56 55 54 64 66 65 82 86 83 82 80 61 66 74 84 75 71 78 93 91 71 63 62 78 83 101 99 110 106 103 99 95 93 94 92 89 89 87 87 85 84 79 85 83 85 92 91 93 99 102 104 106 110 114 107 103 102 97 91 86 69 49 51 49 44 41 38 36 33 33 30 30
58 53 49 47 43 45 47 49 42 45 49 61 55 49 48 54 56 57 58 59 64 59 61 71 69 70 88 90 87 85 73 68 58 73 78 69 76 93 99 85 81 67 61 67 80 97 99 113 107 104 99 95 94 92 91 89 88 87 87 85 84 80 83 85 85 84 90 91 99 102 103 105 106 111 114 116 101 89 84 78 76 72 59 48 44 38 37 35 33 32 31 30
62 52 46 42 43 46 47 51 47 41 44 55 54 49 51 57 60 63 64 65 64 59 66 73 73 75 85 84 89 86 84 81 63 67 68 69 75 72 79 93 82 67 59 70 102 107 109 112 107 102 98 95 94 92 89 89 87 87 86 86 84 82 82 82 85 85 87 88 93 100 102 103 105 111 113 112 110 103 100 99 98 90 86 78 56 39 37 35 34 32 31 29
56 46 42 42 46 49 51 55 44 42 42 49 52 51 53 57 63 67 73 71 69 62 64 71 79 88 83 89 90 87 84 73 69 62 61 61 71 71 77 93 72 66 59 72 107 104 119 109 106 103 100 93 92 89 89 86 86 86 86 83 82 82 83 83 82 86 86 87 90 96 97 98 99 103 106 106 104 103 102 100 94 84 78 77 57 40 38 36 34 31 32 31
49 43 42 46 51 52 54 55 45 44 48 50 55 52 54 58 63 69 75 79 74 67 62 67 82 93 97 93 87 86 84 82 79 70 61 71 62 68 73 74 69 63 60 75 100 97 111 101 99 106 100 93 90 89 86 86 83 85 83 83 83 82 82 80 82 87 87 87 88 91 93 97 95 97 100 100 98 100 98 96 89 82 75 60 43 40 38 35 35 33 31 33
45 44 46 50 56 59 57 49 44 43 51 53 59 56 55 58 64 68 75 80 75 68 63 64 69 76 82 94 89 86 84 81 74 74 66 77 73 61 63 63 63 59 69 75 79 94 106 95 92 102 100 94 89 89 86 84 83 83 84 83 84 83 82 82 83 90 90 87 89 90 91 92 92 94 96 99 100 97 94 90 86 82 71 55 44 42 38 36 35 35 32 31
49 47 47 53 62 65 60 49 42 40 48 56 62 58 55 58 63 69 73 78 75 69 66 62 61 64 68 76 82 86 84 79 81 79 74 71 73 72 73 67 67 65 67 70 73 93 103 93 88 96 99 93 89 91 98 88 83 83 83 83 83 83 83 83 83 88 88 88 88 89 90 92 95 96 98 97 98 98 93 88 84 76 66 52 49 45 42 41 35 35 33 31
56 53 51 56 68 69 59 49 42 38 47 52 58 61 58 58 63 69 73 78 73 69 67 60 56 58 63 66 72 86 89 84 81 78 71 75 75 74 73 70 69 72 74 73 81 93 101 96 85 93 103 96 95 94 96 98 94 86 83 88 82 81 82 83 83 85 87 88 89 89 92 92 94 97 100 98 99 98 95 90 81 71 63 57 51 48 45 44 41 38 35 33
64 59 56 57 64 70 63 53 43 39 42 48 58 64 61 59 61 69 74 73 72 74 70 61 58 58 61 65 73 86 93 89 81 77 79 78 75 75 74 69 70 75 78 79 80 85 93 91 83 95 104 99 96 94 93 99 101 92 91 86 83 83 83 85 86 87 88 89 91 92 94 95 95 99 103 102 102 99 96 94 82 72 67 63 57 52 48 44 41 38 35 33
69 66 61 60 61 68 66 50 45 39 41 48 58 72 69 63 61 65 68 71 79 82 72 64 60 61 61 62 66 73 86 87 81 84 82 79 75 74 71 70 72 77 79 81 84 82 80 79 81 101 100 94 93 94 97 101 101 93 93 91 84 84 84 86 88 90 92 92 95 96 96 98 99 101 105 106 104 104 99 92 84 80 78 73 64 57 50 47 44 40 37 36
73 71 66 63 62 67 63 50 43 39 41 48 59 77 74 65 62 64 66 70 80 88 74 66 62 61 63 64 65 68 74 78 86 92 89 80 77 74 72 72 76 77 78 80 81 79 77 76 84 105 97 93 89 95 98 106 100 93 91 91 86 84 87 88 90 93 94 93 97 99 101 102 104 107 114 114 114 110 105 97 93 91 94 88 72 63 55 52 47 41 39 38
70 69 70 67 68 67 57 50 43 39 39 46 53 69 71 65 64 63 67 72 82 100 79 70 67 64 64 66 66 67 68 71 84 94 86 76 74 73 72 75 76 77 78 80 81 80 77 76 76 87 93 92 88 89 95 101 95 91 91 89 86 85 88 91 92 95 97 95 99 104 107 107 112 119 121 121 125 122 120 121 113 107 106 97 82 72 63 58 50 44 43 41
70 67 67 68 69 64 54 47 42 39 39 43 52 67 72 67 65 65 67 75 84 96 84 76 70 67 66 67 66 67 67 71 82 82 78 75 74 73 74 79 79 80 80 83 83 83 78 78 77 75 92 92 87 86 92 107 98 99 93 89 88 89 92 91 93 99 103 102 103 107 118 117 119 127 128 127 134 134 133 133 132 123 119 103 92 85 73 67 61 53 50 44
71 67 65 64 66 66 56 49 42 39 38 42 48 61 70 70 67 67 69 75 80 88 95 90 78 71 69 69 68 68 71 71 76 80 77 76 76 76 75 77 83 85 82 83 83 85 81 79 78 77 83 95 87 84 91 99 102 97 91 89 89 89 87 90 92 102 106 108 109 113 121 124 130 135 134 138 150 155 146 143 146 135 123 110 102 101 87 76 67 61 58 50
71 67 64 61 62 62 59 54 48 42 38 41 45 52 62 71 71 72 70 73 76 80 97 90 81 75 71 74 69 71 77 76 73 79 77 80 80 79 78 83 91 91 89 86 84 81 84 83 79 78 78 96 87 82 86 94 107 98 93 89 86 84 88 95 97 105 113 112 115 122 130 136 139 142 141 143 148 164 154 152 151 153 148 131 122 124 110 93 81 71 64 56
74 66 61 58 58 58 61 60 53 48 44 40 44 50 57 69 77 79 76 74 73 76 83 92 80 77 74 71 72 74 80 84 77 76 79 83 85 85 90 95 92 89 87 84 84 83 83 89 86 84 81 86 80 80 82 90 99 96 91 87 82 83 89 102 105 110 119 120 126 133 134 135 142 157 155 148 150 151 153 159 167 223 192 153 128 121 120 115 96 80 71 68
76 69 60 57 56 57 62 67 64 56 51 41 44 50 58 69 80 76 72 70 71 74 81 89 79 76 74 73 73 76 80 90 82 78 79 84 93 95 91 90 89 87 88 84 85 83 85 95 90 87 80 80 82 81 82 87 90 91 86 80 80 81 85 103 106 111 123 130 133 135 141 142 147 153 157 151 151 152 152 156 163 189 189 152 127 119 120 114 99 88 80 77
73 72 59 56 54 57 64 73 76 63 54 44 44 50 57 70 82 73 69 67 69 71 78 87 82 75 74 74 76 77 82 88 83 80 79 80 82 94 91 87 89 91 91 89 86 84 85 91 94 86 81 83 81 81 85 90 91 87 81 78 81 81 82 93 99 114 128 142 146 144 149 151 150 150 153 153 154 151 155 155 149 151 156 154 131 121 118 111 103 96 88 81
71 76 59 55 53 57 63 72 70 60 51 44 42 47 56 67 78 71 68 66 67 69 73 82 79 75 76 77 78 79 81 85 83 83 80 80 83 92 87 86 89 89 91 91 88 89 89 97 94 92 85 82 81 83 83 96 93 83 80 78 78 79 80 87 98 113 132 140 152 156 155 155 152 153 151 152 156 152 151 154 155 151 143 147 133 129 120 113 110 101 95 90
69 72 59 52 52 56 60 63 60 55 47 41 41 46 53 62 73 73 68 65 66 67 71 79 77 77 80 84 85 85 84 83 82 81 81 80 87 88 87 87 89 88 89 95 93 90 92 97 96 97 90 84 82 83 80 83 84 81 81 80 79 79 81 86 95 115 134 142 160 162 158 157 155 154 152 153 157 156 156 157 154 151 144 142 138 133 126 120 114 108 101 94
68 70 61 53 51 53 57 60 58 52 44 39 40 46 52 59 69 76 69 64 64 66 69 73 77 82 86 94 98 102 90 86 84 81 81 83 83 85 89 90 94 91 91 93 93 90 91 92 97 99 96 89 87 88 86 80 81 82 84 83 84 84 85 87 95 112 130 143 148 157 161 159 155 155 156 157 161 161 161 162 158 153 150 147 145 140 134 127 120 115 107 100
67 67 60 53 51 49 53 55 51 43 38 38 43 48 53 58 66 81 71 64 63 64 67 71 79 83 86 100 121 111 94 89 85 82 81 83 87 88 91 93 96 93 90 91 91 92 92 95 99 99 100 94 95 98 91 84 82 83 89 93 95 93 89 90 94 105 126 142 144 152 161 161 160 157 155 158 164 164 163 164 158 157 155 151 149 146 141 137 128 120 113 106
66 66 60 56 52 49 51 57 50 41 37 38 43 48 55 61 66 77 74 64 62 64 67 70 75 84 90 101 127 110 93 89 85 83 81 86 89 91 93 92 94 93 91 94 95 96 94 95 100 100 106 102 104 97 93 86 84 83 83 90 104 101 97 93 94 98 110 123 130 145 154 158 156 157 157 161 167 167 167 167 162 160 159 157 153 150 147 143 137 126 120 112
61 61 60 62 55 50 49 57 55 41 38 38 42 46 52 59 65 77 70 64 63 63 65 68 74 82 92 95 112 104 92 89 85 81 84 89 93 93 91 91 92 92 97 95 97 100 99 97 100 106 114 113 113 103 93 89 86 85 86 86 95 105 103 97 95 96 100 107 119 133 146 155 155 153 150 163 169 169 169 169 168 165 164 163 159 155 151 148 143 138 128 119
56 56 54 55 52 49 47 52 47 40 38 38 41 46 50 54 63 77 76 66 62 62 64 66 73 85 99 113 107 100 94 88 86 84 84 87 87 90 94 94 94 97 102 107 101 103 106 102 102 109 118 126 116 107 97 95 92 90 90 89 89 93 99 97 96 98 99 102 109 114 125 141 141 131 147 165 170 172 175 175 173 168 166 166 164 165 156 151 147 143 140 128
54 54 51 50 49 49 46 46 43 40 38 38 40 45 48 51 58 69 75 72 66 61 61 64 71 81 93 104 107 101 93 88 85 83 83 84 92 96 99 97 96 101 113 115 109 107 108 108 105 113 119 116 114 105 98 97 95 93 93 92 91 92 95 98 97 99 99 101 104 109 116 121 125 128 154 152 170 178 182 187 181 174 170 168 167 167 158 155 153 149 143 135
57 57 51 50 53 52 48 45 43 41 38 40 39 43 46 50 55 61 64 69 74 62 59 63 69 78 88 92 109 108 105 95 90 84 82 84 91 98 106 101 99 101 103 106 109 112 110 107 107 116 124 117 107 104 104 100 97 96 95 95 96 94 96 99 100 101 101 103 103 105 110 116 122 147 133 136 149 155 169 173 181 178 174 172 170 168 165 162 158 152 147 141
58 58 50 52 57 57 49 48 48 43 40 39 40 40 45 49 52 55 58 65 72 66 60 63 68 72 79 91 100 117 103 95 90 87 82 86 91 98 108 106 101 100 101 104 110 109 105 105 109 116 121 123 117 109 104 102 101 99 98 99 103 101 100 101 105 106 108 109 111 111 115 116 106 117 126 124 130 137 146 146 178 182 178 175 172 171 168 165 164 158 151 146
59 54 50 50 53 54 53 54 58 47 43 41 41 42 44 47 51 52 54 58 60 59 59 62 67 72 79 86 97 110 103 97 90 86 83 83 90 95 102 108 103 100 103 104 104 103 106 110 114 115 118 121 117 113 107 104 102 101 100 103 106 106 103 104 109 111 116 117 118 120 126 119 104 108 120 115 116 122 128 146 173 183 184 179 176 173 173 169 171 161 155 149
