data/train-rasters-2.5m/bclim10.asc
NCOLS 322 
NROWS 151 
XLLCORNER -122.75 
YLLCORNER 31.9166666666667 
CELLSIZE 0.0416666666666677 
NODATA_value -3.4e+38 
[rows 42 to 62 of 151, columns 141 to 187 of 322]
35.6259994506836 34.0979995727539 31.9799995422363 28.6473331451416 25.9026660919189 24.9979991912842 24.7233333587646 27.8246669769287 28.4899997711182 28.6006679534912 28.7213325500488 28.9313335418701 28.6346664428711 27.9440002441406 27.8606662750244 28.054666519165 28.3913326263428 28.1946678161621 27.1979999542236 26.195333480835 24.5093326568604 21.5300006866455 18.82200050354 18.1393337249756 19.3293323516846 18.5960006713867 20.5900001525879 21.3980007171631 21.7853336334229 21.992000579834 21.6553344726562 22.974666595459 24.2099990844727 25.4619998931885 26.9246673583984 27.5873336791992 27.6219997406006 26.8186664581299 25.9979991912842 25.0873336791992 23.9546661376953 23.304666519165 22.9673328399658 25.0406665802002 26.9379997253418 28.7366676330566 30.1726665496826
36.0206680297852 33.6273345947266 32.4059982299805 30.9626655578613 28.738000869751 25.5799999237061 23.6033325195312 25.4433326721191 27.279333114624 28.3479995727539 29.0900001525879 29.2046661376953 28.8566665649414 28.3460006713867 28.246000289917 27.2960014343262 27.4313335418701 27.2826671600342 26.1386661529541 26.7186660766602 26.0646667480469 24.2320003509521 20.966667175293 17.8199996948242 17.6879997253418 17.3320007324219 16.9026660919189 18.3560009002686 18.8933334350586 19.3133335113525 20.0659999847412 21.4146671295166 22.5919990539551 24.5860004425049 26.486665725708 27.6533336639404 27.9759998321533 27.8453330993652 27.5439987182617 26.1586666107178 23.5446662902832 24.0060005187988 25.8666667938232 25.7893333435059 26.7513332366943 28.9813327789307 30.318000793457
36.0773315429688 34.7946662902832 30.6539993286133 29.9440002441406 29.3693332672119 27.517333984375 26.6200008392334 25.7299995422363 26.211332321167 27.2493324279785 29.1146659851074 29.3786659240723 29.0886669158936 28.9080009460449 28.6946659088135 28.5340003967285 27.4420013427734 27.2413330078125 26.6806659698486 26.9246673583984 27.0853328704834 25.8313331604004 23.7446670532227 20.1393337249756 17.978666305542 18.4033336639404 16.5313339233398 14.7213335037231 15.2760000228882 16.3486671447754 17.7199993133545 18.7906665802002 20.9659996032715 23.2506656646729 25.75 27.0380001068115 27.7193336486816 28.4273338317871 29.0433330535889 29.0799999237061 28.6340007781982 28.2413330078125 28.3920001983643 28.449333190918 28.4733333587646 29.1466674804688 29.8719997406006
35.9799995422363 35.716667175293 32.1386680603027 26.7959995269775 27.8733329772949 26.5866661071777 27.1459999084473 27.9526672363281 28.1639995574951 28.7266654968262 29.4806671142578 29.5773334503174 29.3113327026367 28.8313331604004 28.2333335876465 28.3426666259766 27.9839992523193 27.2840003967285 26.3586673736572 27.2193336486816 27.685998916626 27.1066665649414 25.6900005340576 22.8253326416016 19.9846668243408 19.8693332672119 17.2520008087158 14.6813335418701 13.970666885376 13.434666633606 15.703332901001 17.1059989929199 20.0540008544922 23.3320007324219 25.3806667327881 26.3126659393311 27.423999786377 28.5006675720215 29.3766670227051 29.6940002441406 29.9973335266113 30.2393341064453 30.3766670227051 30.4213333129883 30.5266666412354 30.3693332672119 30.2933330535889
35.7486686706543 35.5779991149902 33.9080009460449 26.6533336639404 26.5986671447754 26.550666809082 26.4500007629395 28.0340003967285 28.8319988250732 29.4379997253418 29.8813323974609 29.8886661529541 29.5266666412354 28.8940010070801 26.7620010375977 27.0686664581299 28.2873344421387 27.4580001831055 27.6700000762939 27.8193321228027 27.7353324890137 27.3726673126221 26.3400001525879 24.7959995269775 22.9780006408691 21.2086658477783 18.3659992218018 15.1660003662109 12.46399974823 14.7093334197998 16.2153339385986 18.8593330383301 21.2013339996338 23.0693340301514 24.2373332977295 24.7686672210693 27.3119983673096 28.804666519165 29.6240005493164 29.9179992675781 30.3253345489502 30.7493324279785 31.1033325195312 31.308666229248 31.4479999542236 31.2513332366943 30.8413333892822
35.7506675720215 35.5039978027344 34.0866661071777 26.1853332519531 25.4373321533203 26.296667098999 26.0966663360596 27.1113319396973 28.0186672210693 28.8839988708496 29.6053333282471 29.8513336181641 29.2853336334229 28.9046669006348 27.2980003356934 26.6420001983643 28.1733322143555 27.9986667633057 28.0106658935547 27.9899997711182 27.8113327026367 27.5166664123535 26.7046661376953 25.513334274292 23.4260005950928 22.1373329162598 20.4853324890137 17.3173332214355 14.7313327789307 14.0959997177124 15.8326663970947 18.5026664733887 20.4513339996338 20.9013328552246 21.7259998321533 24.1133327484131 26.7213325500488 28.9553337097168 29.8286666870117 30.2706661224365 30.6079998016357 31.0646667480469 31.5566673278809 31.7426662445068 31.691333770752 30.6639995574951 30.8853340148926
35.7760009765625 35.8793334960938 34.8886680603027 28.4093341827393 25.3159999847412 24.8973331451416 25.8500003814697 26.3080005645752 26.4600009918213 27.945333480835 28.9033336639404 29.5559997558594 29.5313339233398 29.4866676330566 27.8646659851074 26.0893325805664 27.009334564209 28.2033348083496 28.2760009765625 28.2766666412354 28.0526676177979 27.7980003356934 27.4979991912842 26.974666595459 25.3239994049072 24.1466674804688 22.5 20.1686668395996 19.6473331451416 17.5453338623047 18.4700012207031 18.3759994506836 19.2773323059082 21.1673336029053 23.0093326568604 25.3673324584961 27.4166660308838 28.728666305542 29.538667678833 30.3886661529541 30.9126663208008 31.4393329620361 31.9153327941895 31.9986667633057 31.3386669158936 30.2426662445068 31.4953327178955
35.5499992370605 35.9886665344238 35.4360008239746 32.1346664428711 27.3339996337891 23.8773345947266 24.4933338165283 25.7000007629395 25.5573329925537 26.503999710083 28.0593338012695 28.5613327026367 28.9160003662109 30.0113334655762 28.9886665344238 26.8306655883789 26.4139995574951 27.5513343811035 28.4593334197998 28.474666595459 28.2720012664795 27.9966659545898 27.8106651306152 27.6773338317871 26.8186664581299 25.8673324584961 24.6666679382324 23.7740001678467 22.0953330993652 20.568000793457 19.8479995727539 20.3166656494141 20.406665802002 23.8326663970947 25.980001449585 27.0293350219727 27.9060001373291 28.775333404541 29.5386657714844 30.4733333587646 31.1253337860107 31.542667388916 31.9406661987305 32.0673332214355 31.6480007171631 30.9373321533203 31.6026668548584
35.2239990234375 35.9140014648438 35.9333343505859 33.7173347473145 27.2413330078125 23.9720001220703 23.7586669921875 25.6433334350586 25.7446670532227 26.2686672210693 27.1786670684814 26.4459991455078 28.3606662750244 30.1053333282471 29.5746669769287 27.5380001068115 27.6786670684814 25.7006664276123 27.2140007019043 28.2266654968262 28.3806667327881 28.1593322753906 28.0006675720215 27.8599987030029 27.4320011138916 26.8933334350586 26.4886665344238 25.8880004882812 24.3353328704834 22.3139991760254 22.1106662750244 21.9313335418701 20.5926666259766 23.9653339385986 26.2813339233398 26.1246662139893 28.2226676940918 29.1560001373291 29.8153343200684 30.4506664276123 31.0779991149902 31.4533348083496 31.7046661376953 32.0466651916504 31.9686660766602 31.8686676025391 32.1360015869141
34.9339981079102 35.8266677856445 35.8313331604004 34.3426666259766 28.9479999542236 25.9680004119873 24.7693328857422 26.4893341064453 27.2586669921875 27.7373332977295 27.2086658477783 26.8746662139893 28.3066673278809 30.304666519165 29.4846668243408 27.2353324890137 28.8053340911865 27.7939987182617 25.7980003356934 27.3713340759277 28.3833332061768 28.2766666412354 28.189998626709 27.9340000152588 27.775333404541 27.5219993591309 27.4099998474121 27.1520004272461 26.3320007324219 24.8500003814697 24.2840003967285 23.2406673431396 22.0273342132568 23.3886661529541 26.6186676025391 26.6153335571289 28.0186672210693 28.9046669006348 29.6593341827393 30.191333770752 30.753999710083 31.1933326721191 31.4099998474121 31.7386665344238 32.1113319396973 32.2746658325195 31.978666305542
34.4799995422363 35.4373321533203 35.7033309936523 32.216667175293 26.8719997406006 26.1879997253418 25.6599998474121 26.533332824707 27.5526657104492 28.3139991760254 28.3833332061768 27.9633331298828 28.6393337249756 30.32200050354 30.4686660766602 28.6040000915527 29.5480003356934 29.3266677856445 26.8233337402344 25.6613330841064 28.0226669311523 28.4953346252441 28.4106674194336 28.1526660919189 28.007999420166 27.9373340606689 27.9093341827393 27.6673336029053 27.054666519165 26.3146667480469 25.5413341522217 24.0860004425049 22.5260009765625 22.8373336791992 26.1326656341553 27.1433334350586 28.0820007324219 28.7826671600342 29.4146671295166 29.9613342285156 30.4360008239746 30.8393325805664 30.8673343658447 30.9879989624023 31 31.554666519165 31.5499992370605
33.3226661682129 34.71533203125 35.5446662902832 35.3166656494141 31.8273334503174 28.1866664886475 27.0599994659424 27.8793334960938 27.2800006866455 27.8473339080811 28.6840000152588 29.4139995574951 29.7886657714844 30.07200050354 30.7999992370605 30.2466659545898 29.6959991455078 29.8906669616699 28.199333190918 25.5346660614014 27.3959999084473 28.4993343353271 28.6380004882812 28.5240001678467 28.4213333129883 28.3673324584961 28.220666885376 27.9200000762939 27.461332321167 26.9479999542236 26.1833324432373 23.4160003662109 21.2953338623047 22.0786666870117 24.9286651611328 26.6099987030029 27.8993339538574 28.1653327941895 29.0386657714844 29.4400005340576 29.9500007629395 30.3619995117188 30.0613327026367 29.423999786377 29.2013339996338 30.32200050354 30.6546669006348
32.7319984436035 34.2433319091797 35.2186660766602 35.4733352661133 34.8726654052734 32.2140007019043 30.9280014038086 30.8113327026367 30.2573337554932 29.0193328857422 27.9160003662109 28.9926662445068 30.5193328857422 30.5499992370605 31.3526668548584 31.2560005187988 30.4433345794678 30.3566665649414 29.3053340911865 26.7220001220703 27.6700000762939 28.3766670227051 28.4486675262451 28.681999206543 28.8159999847412 28.6546669006348 28.513334274292 28.2533340454102 27.9113330841064 27.3453330993652 26.3779983520508 24.7686672210693 22.2526664733887 22.1033325195312 24.7446670532227 26.0139999389648 27.3513336181641 27.4193344116211 27.9006671905518 28.6053333282471 29.3980007171631 29.8586654663086 29.4366664886475 27.9506664276123 29.0026664733887 30.639331817627 31.2799987792969
31.6593322753906 33.2980003356934 34.1973342895508 34.2773323059082 34.5540008544922 34.5233345031738 33.7393341064453 32.5206680297852 31.1613330841064 29.7859992980957 27.9726676940918 28.1193332672119 30.511999130249 31.4593334197998 31.779333114624 31.6166667938232 31.2006664276123 30.6720008850098 29.9039993286133 28.3553333282471 28.7826671600342 28.492000579834 27.9340000152588 28.1933326721191 28.5939998626709 28.6446666717529 28.7866668701172 28.513334274292 28.3993339538574 27.4866676330566 26.3713340759277 25.4313335418701 23.3773326873779 24.4440002441406 25.6846656799316 24.7946662902832 26.2473335266113 27.0539989471436 27.8833332061768 28.5646667480469 28.7626667022705 28.7853336334229 28.8759994506836 27.4506664276123 29.4526653289795 31.6153335571289 32.3806648254395
32.3166656494141 32.6906661987305 31.906665802002 30.800666809082 32.1160011291504 33.6286659240723 34.6279983520508 34.4819984436035 32.1780014038086 29.8959999084473 28.6493339538574 27.7113342285156 30.2040004730225 31.5366668701172 31.7253341674805 31.6473331451416 31.3413333892822 30.689998626709 28.9233322143555 28.7726669311523 29.2566661834717 28.4860000610352 27.3953342437744 27.0973339080811 27.3906669616699 27.453332901001 28.3759994506836 28.9433326721191 28.8360004425049 28.5986671447754 28.0100002288818 26.8026657104492 24.8700008392334 25.5259990692139 26.4739990234375 25.4346656799316 26.1153335571289 27.5233325958252 28.4820003509521 28.4926662445068 28.5773334503174 28.6933345794678 28.1446666717529 28.6493339538574 31.0053329467773 32.1893348693848 32.3166656494141
31.466667175293 30.6766662597656 28.7193336486816 28.8286666870117 30.0453338623047 31.9300003051758 33.8733329772949 34.7513313293457 34.2746658325195 32.248664855957 31.1459999084473 29.0866661071777 30.5386657714844 30.8413333892822 30.8026657104492 31.6719989776611 31.3959999084473 30.5946674346924 29.7666664123535 29.5893325805664 29.1513328552246 27.5326652526855 24.9086666107178 25.5113334655762 26.1553325653076 26.8313331604004 27.6940002441406 28.9440002441406 29.0033321380615 28.8279991149902 28.8320007324219 28.0953330993652 26.5806655883789 25.488000869751 26.8199996948242 27.5933322906494 27.8913326263428 28.4846668243408 29.0873336791992 29.2099990844727 29.0679988861084 28.4619998931885 28.4846668243408 30.5260009765625 31.9419994354248 32.1733322143555 31.9393329620361
29.6280002593994 29.7353324890137 28.6106662750244 29.2180004119873 30.6593322753906 30.9799995422363 32.585334777832 34.3199996948242 34.734001159668 34.0046653747559 33.2719993591309 32.5446662902832 31.923999786377 31.7473335266113 31.6533336639404 31.9080009460449 31.746000289917 30.3973331451416 29.4400005340576 29.5279998779297 28.4120006561279 25.4220008850098 23.271333694458 23.8653335571289 25.7220001220703 27.1326675415039 28.1473331451416 28.7473335266113 29.1299991607666 29.0866680145264 29.0993328094482 28.8780002593994 27.8033332824707 25.9886665344238 26.6113319396973 28.3779983520508 28.7819995880127 28.6253337860107 28.9406661987305 29.1860008239746 28.4973335266113 28.7433338165283 30.1353340148926 31.4713344573975 31.7399997711182 31.78466796875 31.1306667327881
28.914665222168 29.9733333587646 30.1399993896484 30.6973342895508 31.3740005493164 30.6353340148926 31.4759998321533 33.7200012207031 34.6746673583984 34.7453346252441 34.4766654968262 33.7360000610352 32.449333190918 32.9080009460449 32.9866676330566 33.017333984375 32.5026664733887 31.4773330688477 30.6059989929199 30.1046676635742 28.8873329162598 26.275333404541 23.4233341217041 22.8139991760254 25.296667098999 27.0686664581299 27.3546657562256 27.3540000915527 27.9933338165283 29.0359992980957 29.3699989318848 29.3079986572266 28.308666229248 25.9939994812012 26.6893329620361 28.6466674804688 29.2546672821045 28.9220008850098 28.4860000610352 28.7360000610352 28.1333332061768 28.1846656799316 29.9893321990967 30.6240005493164 30.984001159668 31.1893329620361 30.4459991455078
29.3286666870117 29.8286666870117 30.4313335418701 31.0340003967285 30.2586669921875 29.6246662139893 31.3893337249756 33.7933349609375 34.5606651306152 34.7239990234375 34.7319984436035 34.4446678161621 34.129997253418 34.0993347167969 33.7026672363281 33.3013343811035 32.8279991149902 32.248664855957 31.6306667327881 30.8393325805664 29.8413333892822 28.7853336334229 26.6339988708496 26.6626663208008 27.2040004730225 27.5200004577637 27.1486663818359 26.6006679534912 26.5833339691162 27.4506664276123 29.0686664581299 29.4213333129883 29.1366672515869 27.1433334350586 26.3126659393311 28.923999786377 29.470666885376 29.0639991760254 27.9473342895508 27.5146656036377 26.279333114624 26.4106674194336 28.4153327941895 29.236665725708 30.068000793457 30.4846668243408 29.5646667480469
27.5813331604004 28.7566680908203 29.1806678771973 29.5066680908203 29.9806671142578 30.5013332366943 32.0139999389648 33.3186683654785 33.7259979248047 33.7666664123535 34.2200012207031 34.5719985961914 34.3713340759277 34.2220001220703 33.7273330688477 33.5039978027344 33.0573348999023 32.5746650695801 31.7553329467773 31.5419998168945 30.8673343658447 30.1873340606689 29.42799949646 28.9806671142578 28.738000869751 28.0733337402344 27.9033336639404 27.5973339080811 27.0100002288818 26.1706676483154 27.6526679992676 28.1800003051758 27.982666015625 26.96266746521 27.2653331756592 28.9153327941895 29.5313320159912 28.9406661987305 26.6019992828369 25.8433322906494 23.8986663818359 24.8080005645752 26.8146667480469 27.3673324584961 28.5599994659424 29.4913330078125 29.4120006561279
27.0806674957275 27.2586669921875 28.6166667938232 29.6273345947266 30.6393337249756 30.6219997406006 30.6079998016357 31.2726669311523 31.6766662597656 31.9833335876465 32.1846656799316 32.7186660766602 32.8226661682129 33.1253318786621 33.1826667785645 33.3933334350586 33.0966682434082 32.689998626709 32.3066673278809 31.763334274292 31.0380001068115 30.4046669006348 29.3653335571289 28.4860000610352 28.5920009613037 28.2339992523193 28.2053337097168 28.1900005340576 27.6926670074463 26.9753341674805 26.1879997253418 25.4953327178955 26.1246662139893 27.6079998016357 28.8513336181641 29.3920001983643 29.3113327026367 28.2959995269775 25.6586666107178 24.8866672515869 22.4659996032715 23.1480007171631 25.4726657867432 26.0393333435059 27.0126667022705 28.4179992675781 29.0260009765625
