data/train-rasters-2.5m/bclim10.asc
NCOLS 322 
NROWS 151 
XLLCORNER -122.75 
YLLCORNER 31.9166666666667 
CELLSIZE 0.0416666666666677 
NODATA_value -3.4e+38 
[rows 42 to 62 of 151, columns 94 to 140 of 322]
21.8926658630371 21.1840000152588 18.6900005340576 16.5126667022705 12.9146671295166 12.0886669158936 10.1639995574951 9.90266704559326 10.82200050354 12.8666667938232 13.470666885376 10.6833333969116 10.4593334197998 11.4126663208008 10.8413333892822 11.1353330612183 11.8106670379639 16.025333404541 21.6873340606689 25.8199996948242 26.238000869751 26.3780002593994 26.232666015625 26.2706661224365 25.0713329315186 20.8619995117188 19.6300010681152 21.96266746521 22.6426658630371 23.0513324737549 24.2800006866455 27.3786678314209 30.1306667327881 30.8159999847412 29.0053329467773 23.263334274292 21.1046676635742 23.8040008544922 24.7586669921875 24.6700000762939 22.6119995117188 23.0780010223389 27.5653324127197 31.7486667633057 34.0139999389648 35.6806678771973 36.1173324584961
20.716667175293 18.3899993896484 15.191333770752 13.8413333892822 11.7006664276123 10.0799999237061 9.87666606903076 9.94066715240479 10.4173336029053 12.2886667251587 13.8380002975464 12.485333442688 11.9726667404175 12.2293329238892 12.3380002975464 12.2740001678467 11.9473333358765 14.8553333282471 20.0666675567627 25.6046657562256 26.3279991149902 26.2840003967285 26.1766662597656 26.0206661224365 25.0733337402344 22.8566665649414 20.7046661376953 22.3933334350586 23.253999710083 23.8273334503174 24.7653331756592 27.484001159668 31.054666519165 31.4293327331543 31.0733337402344 28.1660003662109 24.4560012817383 22.7826671600342 20.7266654968262 22.3833332061768 23.0820007324219 22.8646678924561 25.6726665496826 29.3273334503174 32.9566650390625 35.5626678466797 36.1033325195312
22.466667175293 20.2106666564941 17.3793334960938 13.5533332824707 12.0773334503174 11.0820007324219 12.0406665802002 12.4573335647583 10.5993337631226 12.4300003051758 14.7959995269775 13.3853330612183 12.6873331069946 12.7980003356934 13.1733331680298 13.2953338623047 12.6406660079956 13.9779996871948 18.3886661529541 25.1733341217041 26.1580009460449 26.1159992218018 25.7453327178955 25.0779991149902 24.4360008239746 24.0413341522217 23.4233341217041 22.9680004119873 22.9073333740234 23.3553333282471 25.2113342285156 27.973331451416 30.228666305542 31.1413345336914 31.2853336334229 30.224666595459 27.6826667785645 23.9726676940918 20.9073333740234 20.8753337860107 22.6479988098145 22.2306671142578 22.2840003967285 25.5513324737549 30.7413330078125 34.7113342285156 35.923999786377
20.0946674346924 17.6499996185303 15.8940000534058 13.8273334503174 12.0780000686646 11.6526670455933 13.2093334197998 14.7046670913696 13.1746664047241 12.4000005722046 14.9713335037231 12.6046667098999 11.4526662826538 11.1733331680298 12.7626667022705 13.3920001983643 13.3319997787476 13.5513334274292 19.5259990692139 25.2320003509521 25.8426666259766 25.5100002288818 24.4593334197998 22.6533336639404 22.2693328857422 23.2813320159912 23.5360012054443 22.67799949646 22.542667388916 22.9153327941895 25.2213325500488 26.8800010681152 27.1720008850098 30.1720008850098 31.1486663818359 31.0206661224365 29.1533336639404 25.3419990539551 22.6086673736572 22.8299999237061 22.1159992218018 20.3239994049072 22.474666595459 25.195333480835 29.9179992675781 33.6906661987305 35.5366668701172
22.5526676177979 22.1806659698486 18.9026660919189 14.782000541687 13.6359996795654 12.5860004425049 13.7933330535889 15.9686670303345 14.7073335647583 13.4186668395996 15.753999710083 14.1093330383301 13.3206663131714 12.4086666107178 12.0313329696655 13.1459999084473 12.4866666793823 12.6079998016357 18.9273338317871 24.7133331298828 25.5986671447754 24.9433326721191 23.5313339233398 20.8093338012695 19.5786666870117 21.0219993591309 22.2519989013672 22.2813339233398 22.2333335876465 23.5246658325195 24.9360008239746 25.0733337402344 24.0799999237061 27.8760013580322 30.1760005950928 31.1533336639404 30.6319999694824 27.9713325500488 25.4846668243408 23.9806671142578 22.2846660614014 18.9433326721191 18.6526660919189 22.3520011901855 28.5606670379639 33.3406677246094 35.3940010070801
25.2813339233398 24.0433330535889 19.9093341827393 16.5319995880127 16.7919998168945 14.0526666641235 14.311333656311 16.2393341064453 16.5973339080811 16.1406669616699 16.1306667327881 17.1853332519531 15.7580003738403 13.7173328399658 13.039999961853 14.1013336181641 13.8053331375122 13.558666229248 19.0766658782959 23.6180000305176 25.3159999847412 24.6433334350586 23.3519992828369 20.7180004119873 18.9106674194336 19.2040004730225 18.9386672973633 20.6733341217041 22.3026657104492 23.8026657104492 24.8606662750244 23.8273334503174 22.2506675720215 26.3453330993652 29.5306663513184 30.82200050354 31 30.1340007781982 27.3833332061768 23.0873336791992 20.7740001678467 17.923999786377 18.0573329925537 22.3613338470459 27.9340000152588 32.6160011291504 35.0120010375977
25.9046669006348 24.4166660308838 21.2119998931885 19.9993324279785 17.9153327941895 14.0500001907349 13.5819997787476 14.6693334579468 16.492000579834 17.2946662902832 17.2746658325195 17.4026660919189 13.8733329772949 12.9333333969116 13.2453327178955 14.2073335647583 14.6573333740234 14.4013338088989 15.8206663131714 21.533332824707 24.818000793457 24.8920001983643 23.8546676635742 22.6473331451416 19.8273334503174 18.656665802002 17.8593330383301 19.1926670074463 21.4546661376953 22.7706661224365 24.224666595459 23.503999710083 21.2406673431396 26.0186653137207 29.1973342895508 30.7826671600342 31.5993328094482 31.3813323974609 29.757999420166 25.1500015258789 20.2059993743896 16.533332824707 18.5846672058105 23.8693332672119 27.6406669616699 32.3580017089844 34.8873329162598
25.9340000152588 25.0160007476807 22.3640003204346 19.7433338165283 18.8873329162598 17.2953338623047 15.220666885376 15.2693338394165 17.2486667633057 18.318000793457 18.8239994049072 17.2746658325195 14.0553331375122 13.3699998855591 13.453332901001 13.8033332824707 14.3280000686646 14.9426670074463 15.7446670532227 20.8833332061768 24.5866661071777 24.7159996032715 22.8126659393311 22.4713325500488 21.3613338470459 20.6693325042725 19.4933338165283 19.5480003356934 20.9526672363281 21.9926662445068 23.6353340148926 22.6259994506836 19.4373340606689 23.9766674041748 28.5240001678467 30.9686660766602 32.0766677856445 32.482666015625 31.8400001525879 26.8979988098145 20.0673332214355 16.8993339538574 17.6539993286133 22.7893333435059 26.9500007629395 31.7233333587646 34.3813323974609
26.3606662750244 23.6879997253418 19.4440002441406 17.3040008544922 16.9139995574951 15.5100002288818 14.3406667709351 14.7119998931885 16.7199993133545 17.9079990386963 17.1826667785645 17.0659999847412 15.6326665878296 14.0906667709351 14.0026664733887 13.9700002670288 14.9899997711182 16.2146663665771 15.0799999237061 19.8346672058105 24.757999420166 25.267333984375 23.2446670532227 23.1733322143555 23.0946655273438 22.9773330688477 22.7553329467773 21.5813331604004 20.9593334197998 21.4839992523193 22.1259994506836 21.4133338928223 18.7273330688477 22.8633327484131 27.6853332519531 30.6119995117188 32.0153350830078 32.6886672973633 32.110668182373 27.542667388916 21.9500007629395 18.1879997253418 17.7560005187988 22.7433338165283 27.1073341369629 31.1133327484131 33.5359992980957
25.8246669769287 23.949333190918 22.3953323364258 19.7199993133545 18.6106662750244 15.6926670074463 13.8173332214355 16.4820003509521 18.7686672210693 18.2346668243408 14.8713340759277 14.6033325195312 15.2620000839233 14.1766672134399 14.9566669464111 15.6186666488647 16.8846664428711 16.1599998474121 15.1706666946411 19.5566673278809 24.8420009613037 26.496000289917 25.8106651306152 24.6893329620361 24.173999786377 25.1646671295166 25.0419998168945 23.0606670379639 21.8759994506836 21.1066665649414 20.8586673736572 21.1399993896484 19.6786670684814 21.9433326721191 27.2939987182617 30.0706672668457 31.5846672058105 32.6380004882812 32.4346656799316 29.3786659240723 23.4479999542236 19.406665802002 18.1353340148926 22.6673336029053 26.1639995574951 29.8320007324219 33.0940017700195
25.8113327026367 24.4699993133545 22.0066661834717 20.6959991455078 18.2019996643066 15.0100002288818 16.2973327636719 18.738000869751 20.1606674194336 18.0406665802002 14.5966663360596 13.9273338317871 14.191333770752 14.6786670684814 15.8693332672119 17.2280006408691 18.3920001983643 18.007999420166 16.8993339538574 17.7019996643066 23.1506671905518 26.2193336486816 26.7040004730225 26.1040000915527 25.2513332366943 26.3646659851074 26.3120002746582 24.8013324737549 23.2880001068115 22.4346656799316 21.1853332519531 21.1760005950928 21.4913330078125 22.9033336639404 26.300666809082 29.6446666717529 31.1646671295166 32.3033332824707 32.3446655273438 28.4440002441406 22.6420001983643 20.3600006103516 20.1306667327881 22.8026657104492 25.449333190918 28.4953346252441 32.1759986877441
25.0353336334229 23.1180000305176 20.3946666717529 18.2546672821045 16.4433326721191 15.8293333053589 17.4233322143555 19.484001159668 20.9813327789307 19.3959999084473 16.5446662902832 13.6400003433228 14.6513338088989 16.5100002288818 18.1873340606689 19.2006664276123 19.1420001983643 18.3173332214355 17.8606662750244 17.0540008544922 20.4206676483154 25.3479995727539 26.5006675720215 25.6546669006348 25.0920009613037 27.6580009460449 28.4326667785645 27.0626659393311 25.4273338317871 24.1806659698486 21.7493324279785 20.9726676940918 21.9606666564941 23.2919998168945 26.0020008087158 28.4099998474121 30.3573322296143 32.0573348999023 32.3993339538574 28.6040000915527 22.681999206543 21.292667388916 23.449333190918 25.732666015625 26.9446659088135 28.1919994354248 30.9813327789307
26.1413326263428 24.050666809082 22.461332321167 20.5326671600342 18.2466659545898 16.5919990539551 16.3633327484131 18.699333190918 21.07200050354 18.7193336486816 16.2626667022705 13.4800004959106 13.7626667022705 15.5766658782959 17.4459991455078 18.792667388916 19.1259994506836 17.1833343505859 16.9653339385986 17.0633335113525 18.9793338775635 23.2453346252441 26.2826671600342 25.6433334350586 26.1086673736572 28.7106666564941 29.1533336639404 28.7813339233398 28.0459995269775 26.6446666717529 23.0259990692139 21.4906673431396 21.9446678161621 23.3680000305176 24.996000289917 28.0300006866455 28.8486671447754 31.0066661834717 32.3753318786621 30.3813323974609 24.0173320770264 23.6106662750244 26.1453323364258 27.207332611084 28.8753337860107 29.6753330230713 31.0453338623047
25.6679992675781 24.6159992218018 23.5686664581299 22.0513343811035 20.4166660308838 17.5886669158936 15.2959995269775 18.1160011291504 21.3653335571289 20.4540004730225 16.6153335571289 15.0606670379639 14.5933332443237 16.5046672821045 17.1860008239746 19.0266666412354 18.6199989318848 17.3526668548584 17.1126670837402 18.1006660461426 19.5666675567627 23.4479999542236 27.1119995117188 27.8126678466797 28.2999992370605 28.771333694458 28.9606666564941 28.9039993286133 28.5073337554932 27.6539993286133 24.6313323974609 22.8773326873779 22.199333190918 23.996000289917 26.3526668548584 28.5179996490479 29.4486675262451 29.1660003662109 31.775333404541 31.6299991607666 26.2193336486816 24.5433330535889 26.0400009155273 26.1046657562256 28.015998840332 28.1073322296143 29.9286670684814
25.8500003814697 23.818000793457 23.3513336181641 21.980001449585 19.8173332214355 17.3479995727539 15.1560001373291 16.458667755127 20.2626667022705 22.6019992828369 18.6313323974609 15.2379999160767 15.1920003890991 16.4939994812012 18.2633323669434 19.4053344726562 19.253999710083 17.738000869751 17.923999786377 18.550666809082 20.4626655578613 23.767333984375 27.2226657867432 28.5006675720215 28.8400001525879 28.9473342895508 28.6900005340576 28.8413333892822 29.0639991760254 28.5799999237061 26.6146659851074 25.5146656036377 24.3373336791992 23.9180011749268 26.8173332214355 29.5739994049072 30.4613342285156 29.2606658935547 28.656665802002 31.7406673431396 29.8953342437744 27.4459991455078 26.5866661071777 27.1299991607666 28.2333335876465 28.2853336334229 30.4193344116211
25.5620002746582 23.992000579834 22.17799949646 20.7733325958252 19.3013324737549 16.8859996795654 15.9233331680298 18.0699996948242 21.4633331298828 22.3980007171631 19.9593334197998 16.593334197998 15.8786668777466 16.542667388916 17.800666809082 20.4793338775635 19.3873329162598 20.3166656494141 20.1399993896484 18.9166660308838 20.6106662750244 22.7446670532227 26.7413330078125 28.4686660766602 29.0100002288818 29.1586666107178 29.0500011444092 29.0453338623047 29.1906661987305 29.0366668701172 27.9213333129883 26.8373336791992 25.3886661529541 25.8146667480469 28.449333190918 30.6420001983643 31.0126667022705 29.673999786377 26.9726657867432 29.525333404541 31.4139995574951 28.5406665802002 27.7193336486816 28.9033336639404 30.0639991760254 30.7606658935547 31.6313323974609
23.7013339996338 21.2119998931885 21.0553340911865 20.8133335113525 19.5893325805664 17.0200004577637 16.7986660003662 18.2880001068115 20.3073329925537 23.957332611084 22.4133338928223 19.6973323822021 18.3773326873779 17.4953327178955 19.2226657867432 22.3293323516846 21.8446655273438 22.957332611084 21.7360000610352 19.4013328552246 21.2013339996338 23.8393325805664 26.8219985961914 28.2806663513184 28.8059997558594 28.939998626709 28.945333480835 29.0013332366943 29.0993328094482 29.0979995727539 28.7279987335205 27.4966678619385 26.9599990844727 27.9039993286133 29.8159999847412 30.9466667175293 31.0693321228027 30.6946659088135 28.5240001678467 26.8666667938232 30.296667098999 30.0813331604004 30.1533336639404 30.6066665649414 31.1886672973633 31.4466667175293 30.7560005187988
24.5559997558594 21.5986671447754 21.2040004730225 21.1059989929199 20.4286670684814 19.4553337097168 17.3680000305176 18.3980007171631 21.2433338165283 24.3280010223389 24.4440002441406 22.5060005187988 22.7906665802002 21.1493339538574 21.8546676635742 24.3533325195312 24.783332824707 24.5386657714844 22.8459987640381 20.1386661529541 20.0473327636719 23.7266654968262 26.4593334197998 28.1399993896484 28.6133327484131 28.6726665496826 28.7726669311523 28.8973331451416 29.0533332824707 29.1180000305176 28.9733333587646 28.474666595459 28.6306667327881 28.8286666870117 30.5939998626709 30.6826667785645 30.5879993438721 30.8413333892822 29.2840003967285 26.017333984375 28.8646659851074 30.9200000762939 30.4086666107178 30.3866672515869 30.6226673126221 30.1420001983643 28.2013339996338
23.5859985351562 21.3660011291504 21.7513332366943 21.17799949646 20.267333984375 17.996000289917 17.6166667938232 19.4653339385986 23.0206661224365 25.1093330383301 24.9593334197998 25.2299995422363 25.3460006713867 25.3666667938232 25.1546669006348 25.007999420166 22.3379993438721 19.7513332366943 21.2159996032715 20.8940010070801 20.7273330688477 23.3566665649414 25.8819999694824 27.8526668548584 28.3586654663086 28.4893341064453 28.6966667175293 28.8859996795654 29.0100002288818 28.8920001983643 29.3306655883789 29.4833335876465 29.6553344726562 30.0693321228027 30.71266746521 30.9546680450439 30.9393329620361 31.0833320617676 30.1679992675781 27.7333335876465 28.1493339538574 30.6253318786621 29.4086666107178 27.1240005493164 28.4306659698486 28.7819995880127 28.296667098999
23.6466655731201 21.9160003662109 22.1786651611328 20.6446666717529 19.3993339538574 17.8113327026367 18.4593334197998 20.8933334350586 24.5766658782959 24.1173324584961 25.2479991912842 25.5646667480469 25.0813331604004 25.7666664123535 24.4086666107178 22.941333770752 20.0193328857422 18.3959999084473 19.2193336486816 20.576000213623 22.6246662139893 23.025333404541 25.9053325653076 27.711332321167 28.1660003662109 28.3979988098145 28.7193336486816 28.9186668395996 28.9253330230713 28.720666885376 29.3186664581299 29.8159999847412 29.9580001831055 30.0033340454102 30.5273323059082 30.9353332519531 30.966667175293 31.0613327026367 28.8179988861084 25.8780002593994 26.4246673583984 29.2306671142578 30.3793334960938 28.6580009460449 26.9553337097168 26.7546672821045 26.2100009918213
23.8613338470459 22.3473320007324 23.0326671600342 21.0126667022705 19.3646659851074 18.988000869751 20.767333984375 23.9300003051758 25.1146659851074 23.0559997558594 22.8453330993652 22.326000213623 21.5746669769287 24.0453319549561 25.1386661529541 22.3686676025391 19.5673332214355 19.0839996337891 20.496000289917 21.996000289917 23.3166656494141 25.2413330078125 26.6673336029053 27.6073341369629 28.1513328552246 28.4446678161621 28.6533336639404 28.9113330841064 28.9379997253418 28.6373329162598 28.4686660766602 28.8966655731201 29.2533321380615 29.8346652984619 30.3993339538574 30.6253318786621 30.6666679382324 30.3186664581299 26.6646671295166 25.7726669311523 27.3673324584961 29.4106674194336 30.1973323822021 29.3833332061768 28.2919998168945 27.300666809082 26.6399993896484
