data/train-rasters-2.5m/bclim10.asc
NCOLS 322 
NROWS 151 
XLLCORNER -122.75 
YLLCORNER 31.9166666666667 
CELLSIZE 0.0416666666666677 
NODATA_value -3.4e+38 
[rows 126 to 146 of 151, columns 188 to 234 of 322]
33.1073341369629 32.9046669006348 32.7553329467773 32.6926689147949 32.8133316040039 32.9020004272461 33.0219993591309 33.1973342895508 33.5493316650391 33.8460006713867 33.6786651611328 33.4253311157227 33.5526657104492 33.4900016784668 33.3193321228027 33.2553329467773 33.1780014038086 33.0120010375977 32.7200012207031 32.5033340454102 32.4633331298828 32.4593353271484 32.6560020446777 32.8940010070801 33.1053314208984 33.1959991455078 33.1900024414062 33.2026672363281 33.1920013427734 33.1593322753906 33.1513328552246 33.0893325805664 32.9226684570312 32.8373336791992 32.931999206543 32.9640007019043 33.0459976196289 33.1746673583984 33.2413330078125 33.3146667480469 33.4273338317871 33.4640007019043 33.4313354492188 33.5093307495117 33.4633331298828 33.2026672363281 32.4926681518555
33.0026664733887 32.7793312072754 32.1753349304199 32.2233352661133 32.7080001831055 33.0460014343262 33.2999992370605 33.1619987487793 33.1526679992676 33.8746681213379 33.6506652832031 33.1413345336914 33.1700019836426 33.4119987487793 33.4766654968262 33.458667755127 33.3326683044434 33.0706672668457 32.8540000915527 32.7906684875488 32.7466659545898 32.6766662597656 32.6840019226074 32.8926658630371 33.0653343200684 33.164665222168 33.191333770752 33.1733322143555 33.1720008850098 33.2046661376953 33.1966667175293 33.1313323974609 33.0213317871094 32.9099998474121 32.8966674804688 32.9833335876465 33.2039985656738 33.3646659851074 33.3766670227051 33.3453330993652 33.3633346557617 33.3499984741211 33.2840003967285 33.3446655273438 33.3240013122559 33.3213348388672 32.9626655578613
32.9960021972656 32.9973335266113 32.9406661987305 32.550666809082 32.8326683044434 33.1353340148926 33.4260025024414 33.560001373291 33.6866683959961 33.6073341369629 33.3979988098145 32.8986663818359 33.0480003356934 33.4873352050781 33.5926666259766 33.484001159668 33.2966651916504 33.1020011901855 32.966667175293 32.9459991455078 32.939998626709 32.9473342895508 32.9706649780273 33.0386657714844 33.0646667480469 33.0753326416016 33.058666229248 32.8713340759277 32.8386650085449 33.0186653137207 33.076000213623 33.0993347167969 33.156665802002 33.2293319702148 33.2360000610352 33.2099990844727 33.2746658325195 33.3113327026367 33.3213348388672 33.3380012512207 33.3219985961914 33.2859992980957 33.2346687316895 33.2373352050781 33.2799987792969 33.3333320617676 33.257999420166
33.0613327026367 33.1340026855469 33.2439994812012 33.1513328552246 33.1699981689453 33.3066673278809 33.4253349304199 33.5146675109863 33.4020004272461 33.2120018005371 33.0740013122559 33.033332824707 33.2273330688477 33.5386657714844 33.4459991455078 33.0380020141602 32.8740005493164 33.0206680297852 32.8339996337891 32.8959999084473 33.0493316650391 33.0226669311523 32.9526672363281 32.8899993896484 32.7799987792969 32.5820007324219 32.3680000305176 32.1246643066406 32.3120002746582 32.8753356933594 33.1879997253418 33.3026657104492 33.3400001525879 33.3133316040039 33.2000007629395 33.0326652526855 33.1133346557617 33.0779991149902 33.1053314208984 33.242000579834 33.3139991760254 33.3240013122559 33.3079986572266 33.3173332214355 33.3359985351562 33.3613319396973 33.3279991149902
33.041332244873 33.0813331604004 33.1766662597656 33.2286682128906 33.2446670532227 33.2599983215332 33.259334564209 33.2220001220703 33.0040016174316 32.8186645507812 32.9780006408691 33.1466674804688 33.1473350524902 33.2299995422363 33.1826667785645 32.9619979858398 32.914665222168 32.9640007019043 33.0686645507812 32.9393348693848 32.8926658630371 32.6106643676758 32.1846656799316 31.8380012512207 31.5713329315186 31.4373340606689 31.6293334960938 32.1533355712891 32.8493347167969 33.1300010681152 33.2493324279785 33.3406677246094 33.2959976196289 33.2466659545898 33.1853332519531 33.1706657409668 33.1873321533203 32.949333190918 32.9599990844727 33.1760025024414 33.3046684265137 33.3253326416016 33.3073348999023 33.308666229248 33.3106651306152 33.3193321228027 33.273998260498
32.8766670227051 32.8660011291504 32.9233322143555 32.9566650390625 32.8806686401367 32.7953338623047 33.0353317260742 33.0373344421387 32.697998046875 32.5646667480469 32.6266670227051 32.6846656799316 32.4199981689453 32.5613327026367 32.8066673278809 33.0573310852051 33.164665222168 33.2393341064453 32.9193344116211 32.232666015625 31.75 31.5573329925537 31.4166679382324 31.4166679382324 31.6746673583984 31.966667175293 32.3059997558594 32.6033325195312 32.9053344726562 33.1446685791016 33.2320022583008 33.224666595459 33.2033348083496 33.2046661376953 33.2033348083496 33.216667175293 33.2113342285156 33.1286659240723 33.1473350524902 33.2306671142578 33.2379989624023 33.2226676940918 33.2306671142578 33.2413330078125 33.2353324890137 33.2213325500488 33.2080001831055
32.5653343200684 32.593334197998 32.5493316650391 32.4780006408691 32.3293342590332 32.4700012207031 32.9173316955566 33.1886672973633 32.8639984130859 32.6966667175293 32.7013320922852 32.7099990844727 32.7360000610352 32.2973327636719 32.4706649780273 32.4613342285156 32.5713348388672 32.517333984375 32.0880012512207 31.8733329772949 31.6693325042725 31.7333335876465 31.982666015625 32.0386657714844 32.2313346862793 32.46533203125 32.6333312988281 32.6279983520508 32.4793319702148 32.8273315429688 33.1326675415039 33.2179985046387 33.2220001220703 33.223331451416 33.2206649780273 33.2006683349609 33.156665802002 33.1100006103516 33.2120018005371 33.1940002441406 33.1553344726562 33.164665222168 33.2740020751953 33.3586654663086 33.3033332824707 33.2533340454102 33.181999206543
31.7813339233398 31.8519992828369 31.732666015625 31.8113327026367 31.9173336029053 32.0353317260742 32.2346649169922 32.6413345336914 32.5146675109863 32.6119995117188 32.9393348693848 33.0153350830078 32.9533309936523 32.6006660461426 32.3386688232422 32.7280006408691 32.7126655578613 32.5753326416016 32.3646659851074 32.3580017089844 32.3266677856445 32.3226661682129 32.4160003662109 32.3940010070801 32.4086647033691 32.541332244873 32.6493339538574 32.6160011291504 32.5779991149902 32.318000793457 32.8540000915527 33.0779991149902 33.1959991455078 33.2280006408691 33.1966667175293 33.1860008239746 33.1079978942871 32.7973327636719 33.0666656494141 33.1520004272461 33.0973320007324 33.0553321838379 33.1213340759277 33.0279998779297 33.1520004272461 33.0946655273438 32.9893341064453
31.3246669769287 31.3513336181641 31.3206672668457 31.449333190918 31.6033344268799 31.7266674041748 31.6666660308838 31.6553325653076 31.9060001373291 32.6153335571289 32.9799995422363 32.9726676940918 32.8279991149902 32.2353324890137 31.7026672363281 32.757999420166 32.9506683349609 32.8946647644043 32.7893333435059 32.6673316955566 32.6106643676758 32.5373344421387 32.4406661987305 32.3453330993652 32.3540000915527 32.4619979858398 32.550666809082 32.5719985961914 32.5366668701172 32.3933334350586 32.1453323364258 32.8246650695801 33.1053314208984 33.1599998474121 33.1226654052734 33.1319999694824 33.1493339538574 33.0126686096191 32.9033317565918 33.0946655273438 33.0566673278809 32.9959983825684 32.9659996032715 32.9080009460449 32.7606658935547 32.5839996337891 32.4626655578613
31.1280002593994 31.0453338623047 31.2999992370605 31.5353317260742 31.6593322753906 31.9220008850098 31.8559989929199 31.6919994354248 32.0126647949219 32.6800003051758 32.8513336181641 32.7919998168945 32.6806678771973 32.2446670532227 31.3973331451416 31.6806659698486 32.0946655273438 32.3926658630371 32.457332611084 32.4386672973633 32.3439979553223 32.199333190918 31.9533348083496 31.9846668243408 32.1593322753906 32.3106651306152 32.4166679382324 32.4513320922852 32.4673347473145 32.4980010986328 32.3726654052734 32.5273323059082 32.8460006713867 32.9106674194336 32.9853324890137 33.0073318481445 33.0180015563965 32.9786682128906 32.9220008850098 32.966667175293 32.9186668395996 32.8419990539551 32.7786674499512 32.7493324279785 32.732666015625 32.6826667785645 32.6153335571289
31.0400009155273 31.07200050354 31.5486679077148 31.9366683959961 32.0260009765625 32.1160011291504 32.240665435791 32.2799987792969 32.4173316955566 32.6586685180664 32.691333770752 32.6520004272461 32.5620002746582 32.3979988098145 31.8713340759277 30.7606658935547 30.5273323059082 31.4140014648438 31.9506664276123 32.0646667480469 31.9686660766602 31.5366668701172 31.203332901001 31.57200050354 31.9213333129883 32.1353340148926 32.2713317871094 32.3146667480469 32.3380012512207 32.4466667175293 32.5573348999023 32.5439987182617 32.5359992980957 32.4513320922852 32.7313346862793 32.8413352966309 32.8300018310547 32.792667388916 32.7373352050781 32.7713317871094 32.7666664123535 32.7553329467773 32.5193328857422 32.4886665344238 32.610668182373 32.5839996337891 32.5493316650391
31.009334564209 31.2686672210693 31.8079986572266 32.1733322143555 32.2060012817383 32.2186660766602 32.4560012817383 32.5839996337891 32.5919990539551 32.560001373291 32.5526657104492 32.5373344421387 32.4313316345215 32.2459983825684 31.9426670074463 31.3826675415039 30.9286670684814 30.771333694458 31.4986667633057 31.7606658935547 31.7480010986328 31.4973335266113 30.8793334960938 31.457332611084 31.7486667633057 31.9799995422363 32.1220016479492 32.1673316955566 32.2046661376953 32.3133316040039 32.4313316345215 32.492000579834 32.4599990844727 32.1533317565918 32.3773345947266 32.6013336181641 32.6433334350586 32.5406646728516 32.2193336486816 32.4786682128906 32.6626663208008 32.7639999389648 32.5739974975586 32.0593338012695 32.3320007324219 32.4039993286133 32.1920013427734
30.9726676940918 31.3033332824707 31.8593330383301 32.1606674194336 32.2299995422363 32.3440017700195 32.4739990234375 32.5746650695801 32.6006660461426 32.5379981994629 32.4286651611328 32.4059982299805 32.326000213623 32.0660018920898 31.7726669311523 31.5353336334229 31.3306674957275 31.003999710083 31.0846672058105 31.3873329162598 31.542667388916 31.546667098999 31.4500007629395 31.4733333587646 31.507999420166 31.728666305542 31.8946666717529 31.9899997711182 32.033332824707 32.0946655273438 32.216667175293 32.327335357666 32.3913345336914 32.3073348999023 31.9506664276123 32.191333770752 32.3966674804688 32.3906669616699 31.8386669158936 32.1966667175293 32.5006675720215 32.689998626709 32.6040000915527 31.9386672973633 31.8613319396973 32.232666015625 32.0546646118164
31.0646667480469 31.517333984375 31.9879989624023 32.1746673583984 32.2206649780273 32.2946662902832 32.4119987487793 32.5073318481445 32.576000213623 32.5306663513184 32.3880004882812 32.265998840332 32.2033348083496 31.9446659088135 31.6666679382324 31.5453338623047 31.4460010528564 31.3153343200684 30.8893337249756 30.792667388916 31.2153339385986 31.4173336029053 31.4193325042725 31.1793346405029 30.9053344726562 31.2666664123535 31.3606662750244 31.6093330383301 31.7840003967285 31.8953323364258 31.8366661071777 31.9513339996338 32.2060012817383 32.2213325500488 31.8299999237061 31.7053337097168 32.2053337097168 32.3479995727539 31.9346675872803 32.0533332824707 32.3540000915527 32.6240005493164 32.5299987792969 31.7353324890137 31.9333324432373 32.060001373291 31.9893341064453
30.9340000152588 31.6079998016357 31.9726676940918 32.1453323364258 32.2299995422363 32.2820014953613 32.3839988708496 32.4526672363281 32.4980010986328 32.5106658935547 32.3800010681152 32.2333335876465 32.1193313598633 31.8680000305176 31.5919990539551 31.5273323059082 31.466667175293 31.3713340759277 31.1786670684814 30.5419998168945 30.7719993591309 31.1439990997314 31.2253341674805 31.0633335113525 30.7893333435059 30.5860004425049 30.576000213623 31.2119998931885 31.7006664276123 31.8453330993652 31.6240005493164 31.32200050354 31.8193340301514 32.0833320617676 32.1453323364258 32.1693344116211 32.1546669006348 32.2413330078125 32.0200004577637 31.8093338012695 32.1959991455078 32.4926681518555 32.5433349609375 32.068000793457 31.3606662750244 31.8453330993652 31.7386665344238
30.8826675415039 31.5860004425049 31.8566665649414 32.0653343200684 32.2046661376953 32.2959976196289 32.3766670227051 32.4500007629395 32.492000579834 32.4539985656738 32.3759994506836 32.216667175293 32.1059989929199 31.8659992218018 31.6026668548584 31.4759998321533 31.4006671905518 31.3959999084473 31.3400001525879 31.093334197998 30.5359992980957 30.7706661224365 31.0053329467773 30.9933319091797 30.8239994049072 30.4993324279785 30.3653335571289 31.0646667480469 31.6826667785645 31.8313331604004 31.6793327331543 31.3153343200684 31.2093334197998 31.7099990844727 32.0073318481445 32.1326675415039 31.9313335418701 31.9733333587646 32.1306686401367 31.9799995422363 32.1666679382324 32.3473320007324 32.5066680908203 32.3240013122559 31.2620010375977 31.5799999237061 31.5766658782959
31.033332824707 31.6840000152588 31.9046669006348 32.0446662902832 32.1220016479492 32.1879997253418 32.2806663513184 32.3646659851074 32.3993339538574 32.397331237793 32.3686676025391 32.25 32.1093330383301 31.8813323974609 31.6319999694824 31.4566669464111 31.3566665649414 31.3526668548584 31.4206676483154 31.2893333435059 30.5979995727539 30.3886680603027 30.8806667327881 31.0106658935547 30.9300003051758 30.6293334960938 30.517333984375 30.9126663208008 31.3753318786621 31.6833324432373 31.7446670532227 31.6160011291504 31.0060005187988 31.0266666412354 31.7273330688477 32.03466796875 32.0359992980957 31.8866672515869 32.0813331604004 32.1500015258789 32.2119979858398 32.267333984375 32.3586654663086 32.3513336181641 31.8826675415039 30.8566665649414 31.3386669158936
31.0326671600342 31.5773334503174 31.7953338623047 31.9893341064453 32.0646667480469 32.1266670227051 32.2046661376953 32.265998840332 32.310001373291 32.3359985351562 32.3533325195312 32.2980003356934 32.1679992675781 31.8986663818359 31.6466674804688 31.457332611084 31.3579998016357 31.3666667938232 31.4599990844727 31.4380016326904 31.1066665649414 30.9026679992676 30.7946662902832 30.800666809082 31 30.9220008850098 30.835334777832 31.1033344268799 31.4726676940918 31.546667098999 31.6926670074463 31.8280010223389 31.689998626709 31.2933330535889 31.4366664886475 31.9253330230713 32.0060005187988 32.033332824707 32.085334777832 32.1446647644043 32.1920013427734 32.1626663208008 32.1720008850098 32.226001739502 32.0073356628418 30.5513324737549 30.7466659545898
31.0520000457764 31.6213340759277 31.8206672668457 31.9540004730225 32.0113334655762 32.0793342590332 32.1580009460449 32.2200012207031 32.2566680908203 32.2666664123535 32.3346672058105 32.2806663513184 32.1713333129883 31.9333343505859 31.6853332519531 31.507999420166 31.4200000762939 31.4153327941895 31.4753341674805 31.533332824707 31.4813346862793 31.3493347167969 31.1226654052734 30.8326663970947 31.0526676177979 31.1300010681152 31.0573329925537 30.974666595459 30.9979991912842 31.4393348693848 31.6573333740234 31.8046684265137 31.8733329772949 31.8626670837402 31.6446666717529 31.5906677246094 31.8866672515869 32.0473327636719 32.0359992980957 31.9633331298828 32.023998260498 32.0699996948242 32.0800018310547 32.0826683044434 32.0146675109863 31.6520004272461 31.1513328552246
31.1339988708496 31.6000003814697 31.792667388916 31.8993339538574 31.9626655578613 32.0319976806641 32.1166648864746 32.1933326721191 32.2360000610352 32.2393341064453 32.3073348999023 32.2706680297852 32.1573333740234 31.9200000762939 31.71266746521 31.5626659393311 31.4953346252441 31.5233325958252 31.5100002288818 31.5526676177979 31.5753326416016 31.554666519165 31.4966678619385 30.931999206543 30.7506675720215 31.1173343658447 31.2533340454102 30.9406661987305 30.441333770752 31.110668182373 31.5526676177979 31.757999420166 31.8746681213379 31.9753341674805 32.0019989013672 31.8540000915527 31.779333114624 32.0180015563965 32.0200004577637 31.8860015869141 31.9179992675781 31.9833335876465 31.9966659545898 31.9599990844727 31.8939990997314 31.7740001678467 31.521333694458
31.0766658782959 31.4246673583984 31.656665802002 31.796667098999 31.8853340148926 31.9773330688477 32.0633316040039 32.1446647644043 32.197998046875 32.2006683349609 32.275333404541 32.2400016784668 32.1586685180664 31.9506664276123 31.7593326568604 31.689998626709 31.5906677246094 31.4953346252441 31.6006660461426 31.6033325195312 31.5886669158936 31.6160011291504 31.6920013427734 31.5353336334229 30.992000579834 31.1786651611328 31.3540000915527 31.1853332519531 30.9593334197998 30.9539985656738 31.2906665802002 31.6346664428711 31.8059997558594 31.9806671142578 32.0566673278809 32.033332824707 31.9653339385986 31.9733333587646 31.9479999542236 31.8026657104492 31.6106662750244 31.724666595459 31.8813323974609 31.9173316955566 31.8600006103516 31.6846656799316 30.8513336181641
