data/train-rasters-2.5m/bclim17.asc
NCOLS 322 
NROWS 151 
XLLCORNER -122.75 
YLLCORNER 31.9166666666667 
CELLSIZE 0.0416666666666677 
NODATA_value -3.4e+38 
[rows 92 to 137 of 151, columns 192 to 287 of 322]
9 10 10 10 10 10 10 11 12 12 12 9 9 8 9 11 13 12 11 12 13 14 15 16 18 18 19 17 15 14 17 19 21 19 22 21 19 18 20 23 25 28 32 32 33 35 39 39 37 37 37 39 38 40 44 49 50 48 46 44 43 42 41 39 39 41 42 45 50 55 59 46 40 40 44 53 59 60 58 55 57 55 57 55 55 56 59 55 57 59 59 58 55 55 54 53
10 10 9 10 10 11 12 14 17 14 12 12 11 10 8 9 9 11 11 11 12 12 13 14 17 17 16 14 14 14 14 15 16 16 16 18 22 24 21 22 26 29 31 29 32 36 40 38 37 38 39 38 36 39 40 44 48 45 43 41 40 40 40 39 38 41 43 46 51 53 58 52 41 39 42 49 53 53 53 52 53 51 52 54 55 55 54 53 52 54 54 56 57 57 56 56
11 9 9 9 9 11 9 11 12 13 12 11 10 8 7 10 10 9 9 11 11 12 12 13 14 16 14 13 13 14 14 14 16 17 19 19 21 22 23 23 25 28 28 28 30 35 38 37 38 40 39 37 35 35 37 40 44 48 45 41 37 36 37 38 38 38 42 45 50 53 52 50 46 38 40 40 44 46 45 46 48 52 52 52 52 52 52 51 50 54 54 53 54 57 53 53
9 8 8 7 8 8 8 8 9 9 8 8 7 7 8 11 12 11 10 11 11 11 11 11 12 12 13 12 14 14 14 15 16 18 18 18 20 22 22 23 24 26 28 31 31 32 36 39 38 41 40 36 33 35 38 41 49 53 48 41 37 36 33 36 37 39 41 45 49 46 42 43 42 36 41 46 44 40 41 42 46 51 52 50 49 50 49 47 46 50 51 52 52 54 53 51
8 8 7 7 7 7 7 7 7 7 7 7 7 8 10 11 11 11 11 12 12 12 12 12 12 12 14 16 18 15 14 15 16 18 18 18 18 20 22 22 23 23 25 27 28 28 30 34 36 39 38 35 34 34 37 40 46 50 50 50 40 34 33 35 37 39 41 48 49 41 39 38 37 36 41 47 51 53 46 42 45 48 50 49 45 45 46 48 48 48 50 51 52 52 53 52
7 7 7 7 7 7 7 7 7 7 7 7 7 7 8 10 11 11 12 12 12 12 12 12 12 13 15 18 18 16 16 16 16 17 17 18 18 19 21 21 22 23 23 25 26 27 27 28 32 34 36 34 35 34 38 39 44 44 50 49 42 33 33 34 36 39 40 44 46 43 39 38 34 36 41 49 51 57 57 44 40 42 45 42 42 44 46 48 51 50 50 50 50 52 52 52
7 7 7 7 7 7 7 6 7 7 7 7 7 8 8 9 10 11 11 11 12 12 12 15 16 16 14 14 15 16 16 17 18 21 21 20 18 18 19 21 21 21 23 23 24 26 26 27 27 28 31 31 31 34 36 36 40 37 40 41 41 33 31 31 35 38 42 44 45 43 44 40 33 32 36 43 50 51 58 48 41 39 40 38 44 46 49 46 47 49 49 48 49 51 52 51
7 7 8 7 7 7 6 6 6 7 7 7 7 8 8 9 9 9 11 12 12 12 13 14 13 13 13 14 15 16 17 21 24 26 22 19 17 17 19 20 20 21 23 23 23 23 23 23 23 24 27 30 33 34 32 32 35 33 33 36 34 31 28 31 35 41 44 43 46 43 39 41 33 33 35 40 44 50 57 52 40 38 37 39 44 46 51 49 46 51 51 49 47 51 49 49
7 7 7 7 7 8 6 7 6 6 7 7 7 8 8 9 9 9 10 11 11 12 13 13 13 12 12 14 15 18 22 23 18 17 17 16 17 17 17 18 19 20 21 21 22 22 22 22 22 25 27 31 34 33 32 29 31 30 30 32 32 28 27 31 35 42 40 40 44 44 39 38 30 32 34 38 41 50 57 51 45 39 36 38 47 51 50 49 47 48 51 51 46 47 49 48
7 7 7 7 6 6 6 6 6 6 7 7 7 7 7 8 9 9 9 10 11 12 12 12 12 13 13 14 16 22 18 15 15 15 16 16 17 17 16 17 17 19 19 21 22 22 22 21 21 23 25 27 31 31 33 30 29 28 27 27 27 25 27 30 33 37 38 39 39 40 43 38 30 29 33 38 44 51 51 51 44 39 35 38 47 51 51 50 49 50 51 49 45 47 47 46
7 7 7 7 7 7 6 6 6 7 7 7 7 8 8 9 9 9 9 10 10 11 12 12 12 13 16 18 16 16 15 15 15 15 15 16 16 16 16 17 17 19 19 21 22 22 22 22 21 21 23 24 27 28 28 28 28 27 24 23 24 27 27 28 31 35 39 35 39 40 41 41 35 31 30 35 41 49 44 46 47 36 34 35 42 49 52 51 51 51 53 48 44 51 47 46
7 8 9 7 7 6 6 6 6 7 7 7 7 8 9 9 9 9 10 10 10 10 12 12 13 14 17 16 14 14 14 14 13 15 15 16 16 16 16 16 17 18 20 21 22 22 22 22 22 20 20 22 23 24 25 26 26 24 23 21 25 23 25 27 27 30 32 32 38 41 39 41 40 35 30 31 38 41 41 46 49 36 32 34 38 42 46 48 49 49 53 53 43 47 49 48
7 8 8 7 5 5 5 6 7 7 7 7 7 8 9 9 9 10 9 10 10 10 11 12 16 16 14 13 14 14 14 14 15 16 20 19 20 16 16 16 16 18 17 17 19 19 19 19 19 19 18 19 21 21 22 22 23 22 21 21 21 21 23 24 25 27 27 28 32 35 35 35 36 34 30 29 34 40 40 39 46 40 32 32 35 41 42 44 42 51 50 56 49 41 45 48
6 7 8 7 5 5 5 6 7 7 7 7 7 8 8 10 10 10 10 9 10 10 10 12 13 14 13 13 13 12 13 14 17 25 24 18 15 14 16 16 16 16 16 16 16 17 17 17 17 17 17 17 17 17 18 18 20 20 18 18 18 20 21 23 23 23 25 27 29 32 32 31 30 29 28 31 37 36 36 43 48 43 32 31 32 35 43 41 43 50 52 57 56 40 37 40
5 5 6 7 7 5 5 5 6 6 7 7 7 7 8 9 10 10 9 9 9 10 10 10 11 12 12 12 12 12 14 16 17 17 17 13 13 15 16 16 16 16 15 15 15 15 15 15 15 14 16 16 15 15 15 15 16 16 16 16 17 18 19 21 21 23 24 26 27 30 31 30 27 25 25 31 37 34 33 42 48 45 38 33 31 33 36 38 38 38 45 52 46 41 33 36
5 5 5 5 5 5 5 5 7 7 7 7 7 7 8 10 10 10 9 9 9 9 10 10 10 11 12 12 11 11 11 12 12 13 11 12 13 14 16 16 16 17 15 13 14 13 13 13 13 13 14 14 14 14 14 14 14 14 14 15 16 17 18 19 20 20 23 23 25 27 30 27 26 25 24 29 32 29 32 39 46 48 41 35 33 30 31 32 33 33 36 41 40 37 33 34
5 5 5 5 5 5 5 5 7 7 8 7 7 8 8 8 10 10 10 10 9 8 9 9 10 10 11 12 12 11 11 11 11 11 11 11 11 13 14 15 16 17 15 13 13 13 13 13 13 13 13 13 13 12 12 11 11 12 11 13 15 15 16 17 18 18 20 22 22 26 31 26 25 23 23 26 28 30 32 36 40 47 50 40 35 32 29 29 29 30 32 34 36 33 32 32
5 5 5 4 5 5 5 5 7 8 8 7 7 7 8 10 10 10 10 10 10 9 9 9 9 9 10 10 11 11 11 11 11 11 11 11 11 12 13 13 13 13 13 13 13 13 11 11 11 13 13 15 15 14 11 11 10 10 11 12 12 13 15 15 17 18 18 18 20 22 28 26 23 22 22 24 26 28 30 30 34 40 44 46 33 32 33 31 29 29 28 31 33 32 31 34
5 5 5 5 5 5 5 5 7 8 8 7 7 8 8 10 12 13 11 10 10 9 9 9 9 8 8 9 9 10 11 11 11 11 11 11 11 11 12 12 11 11 11 11 11 11 11 11 11 11 13 17 20 15 10 10 10 10 11 11 11 13 13 15 16 17 17 18 17 18 22 23 22 21 22 24 25 25 26 28 32 32 31 33 29 32 37 35 31 29 29 30 31 37 38 36
5 5 5 5 5 5 5 5 7 8 8 7 7 8 8 9 12 12 12 11 11 11 9 9 9 8 8 8 8 9 9 10 10 9 10 10 10 10 10 11 11 11 11 11 11 11 11 11 11 11 11 16 21 14 10 10 8 8 8 10 11 11 13 13 14 16 17 17 17 17 18 19 19 20 20 21 23 22 23 26 27 31 32 32 33 35 37 38 33 33 32 35 33 36 40 45
5 5 5 5 5 5 5 5 7 8 8 7 8 8 8 9 9 10 11 11 11 9 10 9 9 9 8 9 9 9 9 10 9 9 9 9 9 9 9 9 9 8 8 8 10 9 10 10 10 11 11 13 16 11 9 8 8 8 8 10 10 11 12 13 13 14 16 17 16 16 18 17 17 20 22 22 25 27 25 26 27 31 32 35 36 42 43 42 39 36 34 37 34 33 37 43
5 5 5 5 5 5 5 6 7 8 7 7 8 8 8 9 9 11 11 11 11 10 10 9 9 9 9 9 9 9 10 12 12 10 9 9 9 9 9 9 9 8 8 8 8 9 9 9 10 10 11 11 11 10 9 8 8 8 8 10 10 10 11 12 13 13 14 14 16 16 16 16 17 19 22 24 25 25 25 27 27 33 37 35 38 44 47 43 37 33 35 39 36 33 35 41
5 5 5 5 5 5 5 6 7 7 7 8 8 8 9 9 11 11 13 12 12 11 10 9 9 9 9 9 9 9 9 10 11 12 10 9 9 8 8 8 9 10 8 8 8 8 9 9 10 10 11 10 10 10 10 10 9 10 8 10 10 11 11 11 12 13 13 13 14 14 15 16 17 17 20 20 21 22 24 33 32 33 34 37 39 44 44 39 37 34 38 42 38 34 34 39
5 5 5 5 5 5 5 6 6 7 7 8 8 8 9 10 13 14 14 13 13 12 11 10 9 9 9 9 9 9 9 9 9 10 12 9 8 9 8 8 8 8 8 8 8 9 9 9 9 10 11 11 11 10 10 9 9 10 9 10 10 10 11 11 12 13 12 13 13 14 15 15 16 17 17 19 20 21 22 25 30 29 30 32 34 36 40 41 39 37 36 41 35 35 34 35
5 5 5 5 5 6 6 7 7 7 8 8 8 8 9 10 13 14 13 13 13 11 10 9 9 9 12 11 9 8 8 9 9 9 9 9 9 9 8 8 8 8 8 8 8 9 9 9 10 10 9 10 11 10 10 10 10 10 10 10 10 10 11 11 14 15 13 13 13 14 14 15 16 17 17 17 19 19 20 22 22 24 28 28 31 31 35 39 42 42 40 40 43 40 36 35
5 5 5 5 6 6 7 7 7 8 8 8 8 8 9 9 9 12 12 12 11 10 9 9 9 9 9 9 8 8 8 8 8 8 8 9 9 9 8 8 8 8 8 8 8 9 9 10 10 10 10 9 10 10 10 10 10 11 14 10 10 10 11 13 13 11 12 13 13 14 14 15 16 16 17 17 17 19 19 19 22 22 23 25 27 28 30 33 39 39 39 39 46 50 47 42
4 4 5 5 7 7 8 7 7 8 8 8 8 9 8 8 8 8 9 10 12 9 9 9 9 9 8 8 8 8 8 8 8 8 9 10 10 9 8 8 8 8 8 8 9 9 9 9 9 9 9 9 10 10 10 10 10 10 14 18 11 10 10 11 12 12 11 12 13 13 14 15 16 16 16 17 18 19 19 19 19 21 22 22 26 27 29 30 38 35 32 32 40 48 51 44
4 4 5 5 5 6 7 7 7 7 8 8 8 9 8 8 8 8 8 9 9 9 9 9 9 8 8 8 8 7 8 8 8 8 8 8 8 8 8 8 8 8 9 9 9 9 9 9 9 9 9 9 10 10 10 11 10 10 10 14 19 12 10 11 12 12 11 12 12 13 14 14 15 16 17 17 17 18 17 19 19 20 21 22 26 30 32 30 33 33 32 33 36 41 41 42
5 4 5 5 5 6 6 6 6 6 7 7 9 9 8 8 8 8 8 8 8 8 9 9 8 8 8 8 7 7 7 7 8 8 8 8 8 8 8 8 7 7 9 9 9 9 9 9 9 9 9 10 10 11 10 10 10 10 10 11 14 18 10 10 12 12 12 11 12 12 14 14 15 16 16 17 17 17 17 18 18 19 20 21 25 27 33 31 31 29 27 36 31 33 33 41
5 4 5 5 5 5 5 5 6 6 6 6 8 8 8 8 8 8 8 7 7 7 8 8 8 8 8 8 7 7 7 7 8 8 8 7 7 8 8 7 7 7 9 9 9 9 10 9 9 9 9 10 11 11 11 11 10 11 11 11 12 15 12 11 11 11 12 11 12 12 14 14 14 16 17 17 17 17 17 18 18 18 18 20 21 22 26 24 24 26 23 31 33 30 27 29
5 5 5 5 5 5 5 5 5 6 6 6 7 8 9 8 8 8 8 7 7 7 7 7 7 7 7 7 7 7 7 7 8 8 7 7 7 7 7 7 7 7 9 9 9 9 9 9 9 9 9 9 11 13 12 11 10 10 11 11 12 12 12 11 11 11 13 13 12 13 14 13 13 13 15 16 16 16 17 17 18 18 18 18 17 20 19 20 23 20 22 23 29 33 31 26
5 4 5 5 5 5 5 5 5 6 6 6 6 8 8 9 8 8 8 7 7 7 7 7 7 7 7 7 7 7 7 7 8 7 7 7 7 7 8 7 8 7 7 8 9 9 9 9 9 9 9 9 11 12 12 11 11 11 11 12 12 12 12 13 13 13 13 13 12 12 14 14 13 13 14 14 15 16 16 17 17 18 18 19 18 19 20 23 27 24 26 22 21 25 30 33
5 5 5 5 5 5 5 5 5 6 6 6 6 8 8 8 8 8 8 7 7 6 6 7 7 7 7 7 7 7 7 7 7 7 7 7 7 7 7 7 8 8 7 9 9 9 9 9 9 9 9 9 9 11 12 11 11 11 11 12 12 12 12 13 13 13 13 13 12 14 14 14 14 15 14 14 16 16 17 17 17 17 17 19 20 20 22 23 27 28 27 23 21 21 22 24
5 5 5 5 5 5 5 5 5 6 6 6 6 6 7 8 8 8 7 7 6 6 6 6 7 7 7 7 7 7 7 7 7 7 7 7 7 7 7 7 7 9 9 9 9 9 9 9 9 9 9 9 9 10 11 12 11 11 12 12 12 13 13 13 13 13 13 13 12 13 14 14 14 14 14 14 15 16 17 17 17 17 18 18 20 21 23 24 26 28 30 27 29 25 21 21
5 5 5 5 5 5 5 5 5 6 6 6 6 6 6 7 7 7 7 6 6 6 6 6 6 6 7 7 7 7 7 7 7 7 7 7 7 7 7 7 7 9 9 9 9 9 9 9 9 9 9 9 10 10 11 13 15 14 13 13 13 13 13 13 13 13 13 13 12 12 13 13 13 14 14 15 15 16 16 16 17 17 18 18 21 21 24 25 26 30 30 33 33 30 25 22
5 5 5 5 5 5 5 5 6 6 6 6 6 6 6 6 6 6 6 6 6 6 6 6 6 6 6 6 7 7 7 7 7 7 7 7 7 7 8 8 8 8 9 9 9 9 9 9 9 9 9 9 10 11 11 11 15 15 14 13 13 13 13 13 13 13 13 13 12 12 14 14 13 14 14 15 15 16 16 17 17 17 17 18 20 21 24 26 28 30 30 33 34 33 29 24
5 5 5 5 5 5 5 5 6 6 6 6 6 6 6 6 6 6 6 6 6 5 5 6 6 6 6 6 6 7 7 7 7 7 7 7 7 7 7 7 7 7 7 9 9 9 9 9 9 9 9 10 11 11 11 11 12 14 14 13 13 14 14 13 13 13 13 13 12 12 13 13 14 14 14 15 16 16 16 16 16 17 17 18 20 21 23 26 28 30 32 34 34 33 30 27
5 5 5 5 5 5 5 5 5 5 6 6 6 6 6 6 6 6 5 6 5 6 6 6 6 6 6 6 6 7 7 7 7 7 7 7 7 7 7 7 7 7 8 9 9 9 9 9 9 9 9 10 12 13 13 13 14 14 14 13 14 14 14 14 13 13 13 13 13 14 13 13 14 14 14 14 16 16 16 16 16 17 17 18 20 20 23 24 27 28 32 36 34 32 28 27
4 4 4 5 5 5 5 5 5 5 5 6 6 6 5 5 5 6 6 6 5 6 6 6 6 6 6 5 6 7 7 7 7 7 7 7 7 7 7 7 7 7 8 9 9 9 9 9 9 9 9 11 11 12 13 15 16 14 14 14 14 15 18 17 14 13 13 13 12 14 14 14 14 14 14 14 15 16 16 16 17 18 19 18 20 20 22 23 25 28 36 39 35 32 28 31
4 4 4 4 5 5 5 5 5 5 5 5 5 5 5 5 5 5 5 6 6 5 5 6 6 6 5 6 6 6 7 7 7 7 7 7 7 7 7 7 7 7 8 8 9 9 9 9 9 9 11 11 11 13 14 15 18 15 15 15 14 14 17 17 15 14 14 12 12 13 14 14 14 14 14 14 15 16 16 16 22 18 18 18 20 20 23 24 25 28 32 36 34 31 30 34
4 4 4 4 5 5 5 5 5 5 5 5 5 5 5 5 5 5 5 5 5 5 6 6 6 5 5 5 6 6 7 7 7 7 7 7 7 7 7 7 7 7 8 8 9 9 9 11 11 11 11 11 11 12 14 15 18 15 15 14 14 15 15 15 14 14 14 13 13 13 13 14 14 14 14 14 15 15 15 16 18 17 17 18 20 21 21 24 25 28 31 32 32 31 32 33
4 4 4 5 5 5 5 5 5 5 5 5 5 5 5 5 5 5 5 5 5 6 6 6 6 7 5 6 6 6 6 7 7 7 7 7 7 7 7 7 7 7 8 8 9 9 9 11 11 11 11 11 11 12 14 15 16 16 15 15 15 14 14 14 14 14 14 14 13 13 13 14 14 14 14 16 16 16 15 16 16 17 17 18 18 21 22 24 25 28 29 31 31 32 36 36
4 4 5 5 5 5 5 5 5 5 6 5 5 5 5 5 5 5 6 6 6 6 6 6 6 6 7 6 6 6 6 6 7 7 7 7 7 7 7 7 7 8 9 8 8 9 9 10 11 12 11 11 12 12 14 15 17 17 15 15 14 14 15 14 14 14 13 13 13 13 13 14 14 14 14 16 15 15 16 16 16 17 17 17 19 21 21 24 26 30 30 29 31 33 36 40
4 4 4 5 5 5 5 5 5 5 7 6 5 5 5 5 6 6 6 6 6 6 6 6 6 6 6 6 6 6 6 6 6 7 7 7 7 7 7 8 8 8 8 8 8 8 9 10 11 11 12 12 14 14 14 15 15 15 15 14 14 14 14 16 14 13 14 14 14 14 13 13 14 14 14 14 15 16 17 17 17 17 17 17 19 21 21 25 29 31 29 28 29 31 34 40
4 4 4 4 4 4 5 5 5 5 5 7 7 5 5 5 6 6 6 6 6 6 6 6 6 6 6 6 6 6 6 6 6 7 7 7 7 7 7 7 8 8 8 8 8 8 9 11 11 11 12 13 15 15 15 15 15 15 14 15 15 14 14 14 14 13 13 14 15 15 13 14 14 15 15 15 15 16 17 17 17 17 17 17 18 19 21 26 31 31 27 26 27 29 40 42
4 4 4 4 4 4 4 5 5 5 5 5 6 6 5 5 5 6 7 6 6 6 6 6 6 5 6 6 6 6 6 6 6 7 7 7 7 7 7 8 7 8 8 8 8 8 8 11 12 11 12 15 14 14 14 15 15 15 14 14 15 16 14 14 13 13 12 14 14 14 13 14 15 15 15 15 16 17 18 18 17 17 17 18 18 18 19 23 27 29 26 25 26 31 44 44
