data/train-rasters-2.5m/bclim13.asc
NCOLS 322 
NROWS 151 
XLLCORNER -122.75 
YLLCORNER 31.9166666666667 
CELLSIZE 0.0416666666666677 
NODATA_value -3.4e+38 
[rows 42 to 83 of 151, columns 95 to 189 of 322]
113 128 137 140 135 139 136 130 117 114 127 124 114 116 112 107 80 48 32 30 30 28 27 28 45 52 37 33 31 27 20 17 16 18 31 36 24 22 22 28 28 18 14 13 11 12 11 12 14 17 21 21 22 17 17 17 17 16 17 17 17 17 17 18 20 21 23 29 37 37 33 36 31 30 30 30 31 27 24 21 17 15 16 19 22 26 29 31 33 28 23 20 18 17 18
139 150 147 141 142 142 138 132 121 114 118 116 112 109 107 109 89 57 34 31 30 28 27 29 36 47 36 31 29 26 20 17 16 16 19 26 30 37 29 27 28 21 16 13 11 11 11 12 13 14 16 21 25 21 17 16 16 16 17 17 17 19 19 19 22 20 21 23 31 40 37 40 46 37 37 37 35 31 28 23 19 16 15 16 18 23 32 30 25 27 25 20 18 17 19
122 138 147 142 140 135 132 137 124 112 115 114 110 105 103 106 95 68 35 33 31 30 31 32 32 33 34 33 31 25 19 17 16 16 16 19 28 38 36 28 30 30 21 15 12 10 10 12 15 16 16 18 19 20 19 18 15 15 16 16 16 17 19 19 20 20 19 21 24 33 39 36 45 53 48 44 40 38 32 28 22 18 16 15 15 16 18 19 20 20 21 20 19 19 21
143 147 146 144 141 136 128 129 127 112 121 122 121 108 103 101 98 59 36 34 34 35 42 42 36 33 36 36 34 25 21 21 17 16 16 17 25 32 29 30 38 29 22 15 13 11 11 11 14 21 18 21 19 17 17 16 15 15 15 16 18 17 18 19 21 19 18 19 21 27 34 33 42 52 57 58 46 43 35 28 23 21 18 16 15 16 16 15 16 16 17 18 20 20 21
104 125 145 142 141 135 124 125 125 109 116 114 115 114 105 109 107 64 37 35 36 40 53 60 47 40 39 38 32 27 26 29 19 17 17 17 19 23 25 30 43 45 31 17 13 11 11 11 12 22 20 20 21 18 17 16 15 15 15 16 21 19 17 19 18 18 18 18 19 22 27 31 39 53 66 53 45 38 33 29 27 26 19 16 15 15 16 15 16 16 16 18 20 19 19
91 119 139 129 138 135 121 117 115 111 98 103 109 109 101 102 103 64 42 34 37 41 55 65 57 59 47 39 32 27 31 37 21 17 17 17 17 19 29 36 49 49 31 18 14 12 11 11 12 24 23 21 21 20 19 17 16 15 16 17 19 20 17 18 17 18 18 18 19 21 26 30 34 46 58 61 50 39 35 36 35 28 21 16 14 14 15 15 16 16 17 18 18 18 19
89 110 111 122 139 137 129 117 109 104 96 115 115 110 101 97 98 90 52 36 35 39 44 58 60 65 56 43 36 30 32 42 22 18 17 17 17 17 23 39 59 47 26 18 14 12 11 10 11 19 25 25 22 21 21 18 17 16 16 16 18 22 19 17 17 17 17 18 18 18 21 25 30 36 36 47 40 41 39 35 31 25 20 16 15 15 16 16 15 16 17 18 16 17 18
80 99 115 114 121 129 125 109 100 94 100 114 114 110 106 101 96 90 55 37 36 45 45 50 51 55 54 46 40 32 37 52 29 18 17 16 16 16 20 40 55 53 31 20 15 13 11 10 11 14 21 30 26 22 23 21 18 18 17 15 17 20 20 18 17 17 17 17 18 17 18 20 24 26 31 36 38 37 37 27 23 21 19 17 16 16 16 16 16 16 17 18 17 15 15
92 125 134 131 134 135 129 114 105 108 102 106 112 109 107 99 90 98 62 37 36 45 42 41 41 41 45 47 44 40 43 57 34 19 18 17 16 16 19 33 49 53 31 20 16 14 12 10 10 13 22 29 29 23 23 21 19 22 18 15 16 19 18 22 18 17 17 17 17 17 17 18 20 22 27 32 32 33 38 28 23 25 19 16 16 16 16 16 16 16 17 17 16 16 16
87 92 112 116 132 137 119 101 107 124 120 110 114 105 99 88 93 98 64 37 32 33 36 38 32 31 40 44 47 47 44 51 39 20 18 18 17 17 18 29 45 54 33 22 17 14 12 11 10 13 19 23 26 21 20 18 20 20 18 15 16 20 16 18 22 18 18 18 17 17 17 17 18 19 22 26 27 31 35 32 22 23 20 18 17 17 18 17 17 16 16 16 17 20 19
76 97 100 119 137 125 105 96 112 129 124 118 115 105 94 82 82 87 81 43 32 30 31 34 29 28 34 40 42 47 45 42 35 22 18 18 17 17 19 34 43 48 37 25 19 15 13 11 10 15 26 24 24 22 19 18 17 19 18 15 14 17 15 15 21 24 17 20 17 17 17 17 17 19 21 23 25 29 33 34 24 22 20 18 17 18 18 18 17 17 18 18 18 22 24
92 115 129 134 131 118 103 93 103 115 127 114 102 90 79 79 82 83 87 58 33 30 33 37 25 21 26 32 36 46 48 41 35 23 19 19 17 16 19 35 43 35 26 22 20 16 14 13 11 11 16 20 22 20 21 19 17 16 16 15 13 14 16 15 19 25 19 16 17 17 17 17 17 18 20 22 25 34 40 37 29 24 21 20 18 18 18 18 18 21 23 21 21 22 23
83 93 107 125 128 124 108 93 111 118 129 123 111 94 81 79 93 92 89 72 45 31 34 33 22 19 19 21 25 40 47 43 36 29 19 19 18 17 18 31 33 23 21 18 18 17 15 13 12 11 11 14 16 15 15 17 19 17 14 15 13 13 15 15 17 22 18 17 16 16 17 17 17 18 19 21 24 30 38 39 30 27 23 23 22 20 19 19 20 26 23 20 20 18 20
74 81 92 101 122 130 109 87 98 120 119 119 104 98 80 84 92 91 80 68 45 28 26 24 21 19 18 19 21 34 42 45 33 23 18 18 20 18 17 26 31 24 25 20 21 18 16 14 13 13 12 11 12 14 15 17 20 19 15 14 12 12 13 14 16 18 17 17 18 17 17 17 17 17 18 21 25 28 35 31 28 31 27 25 23 21 22 23 23 28 22 18 17 18 19
81 82 90 106 121 129 120 94 79 108 123 116 105 88 78 78 89 84 76 60 42 28 24 22 21 19 17 16 18 25 29 34 35 21 18 18 19 22 18 18 21 24 23 20 20 18 15 15 15 17 14 11 10 11 14 17 19 20 16 14 12 13 13 14 17 17 16 17 19 20 20 21 18 17 17 18 20 24 31 28 26 30 28 24 22 23 23 23 26 25 19 17 17 19 20
72 87 98 114 124 123 110 85 83 99 116 111 104 94 70 80 68 67 75 60 49 29 22 20 19 17 16 16 16 19 23 29 27 19 18 17 18 24 20 17 20 22 19 18 17 16 16 17 20 19 16 13 11 9 11 14 15 18 15 15 15 13 13 15 16 16 16 19 26 25 24 22 21 17 17 17 18 21 26 30 25 23 23 21 20 21 22 25 26 20 17 17 18 22 23
96 90 94 110 124 118 108 93 72 80 95 94 99 84 58 62 53 58 73 56 42 28 22 19 17 16 15 15 14 16 20 23 20 18 17 17 16 19 23 18 18 18 18 17 16 17 18 18 20 18 15 15 12 10 10 11 12 13 13 14 13 13 13 15 17 16 17 25 31 30 25 22 20 19 18 17 17 19 23 29 27 21 20 22 21 22 25 24 21 18 18 18 21 25 26
88 87 90 96 101 115 104 84 69 67 75 65 75 65 48 44 43 49 69 67 42 29 22 19 17 15 14 14 14 15 17 18 19 18 17 16 16 18 27 20 17 18 18 17 18 21 18 17 17 16 14 15 13 11 10 10 10 11 13 12 12 12 12 14 14 15 16 23 31 34 27 23 23 23 21 18 18 18 21 30 27 21 20 21 23 23 26 26 21 20 20 20 23 29 30
87 82 87 95 114 110 94 72 62 61 58 54 49 48 46 58 74 57 62 65 46 32 22 19 17 15 14 14 15 15 15 16 17 16 16 16 16 18 21 21 18 19 24 20 19 20 18 18 17 16 17 18 15 11 11 10 9 10 11 10 10 10 11 12 13 14 15 17 23 23 22 22 24 26 26 23 19 18 19 26 29 21 20 22 26 28 32 32 26 24 22 22 25 32 32
82 78 91 101 112 103 83 63 65 57 54 54 48 52 56 73 82 75 64 50 51 32 23 20 17 15 15 13 14 15 15 16 18 17 16 15 16 20 27 26 19 17 19 23 24 27 22 20 19 18 17 16 14 13 12 12 11 11 11 10 11 10 11 11 12 12 14 15 17 18 19 21 22 23 25 29 23 22 23 27 26 21 20 23 31 33 40 36 30 30 26 24 25 28 32
78 70 83 98 99 82 64 60 69 69 69 75 55 47 60 79 79 67 56 48 36 28 23 20 18 17 16 15 15 17 17 17 18 17 16 16 18 26 28 22 17 17 18 20 22 25 23 23 18 16 14 15 16 15 15 14 14 13 13 12 12 10 10 11 11 12 14 15 18 20 20 21 22 22 24 26 30 33 30 25 21 20 22 25 34 36 44 42 34 34 31 27 26 27 31
76 75 88 80 67 71 66 75 80 73 86 85 57 48 53 65 65 52 40 35 30 26 23 21 20 19 20 20 21 21 20 17 16 16 16 17 17 18 18 17 16 16 17 17 18 21 21 20 17 15 14 14 17 19 19 18 19 23 21 18 14 12 10 11 12 13 14 16 19 22 22 24 23 22 24 30 35 37 29 24 21 21 22 26 31 35 44 41 37 36 34 30 28 28 30
72 81 70 75 74 93 67 77 99 97 98 99 74 55 53 66 53 44 34 30 27 25 29 27 25 22 24 23 21 17 16 16 15 16 18 17 16 16 16 18 18 19 18 18 21 28 26 24 22 22 18 18 22 24 23 24 26 31 32 32 19 13 11 10 13 15 17 18 21 24 24 24 23 24 26 32 42 40 31 26 22 21 21 23 28 32 40 40 37 34 33 32 30 30 30
63 62 70 94 104 94 72 85 103 117 111 90 80 62 58 65 51 40 34 30 28 29 40 30 26 26 31 24 22 23 19 17 17 18 18 16 17 18 20 17 19 22 20 19 19 22 24 21 20 23 25 24 23 24 24 21 23 23 26 30 23 14 12 10 11 13 17 21 24 26 27 27 25 25 27 30 34 37 36 30 25 22 22 23 25 29 35 38 39 34 31 30 30 31 28
59 69 71 82 99 85 64 68 78 107 106 97 85 58 65 62 51 40 34 31 28 29 34 36 23 23 23 22 22 29 30 22 20 18 17 20 21 22 25 26 25 26 22 21 20 22 21 20 19 20 20 22 29 26 22 21 19 19 19 20 18 14 11 10 11 14 16 20 26 26 27 29 28 27 28 29 32 39 39 37 30 23 22 23 26 29 34 39 39 34 31 29 29 29 29
49 57 66 72 74 68 60 60 63 70 77 92 80 50 53 55 45 37 31 26 26 27 25 20 18 18 20 24 24 26 23 22 25 19 19 22 24 32 26 24 27 32 26 24 22 21 22 22 21 21 19 20 22 20 19 18 18 18 16 16 15 13 12 11 11 14 17 21 23 22 26 29 29 29 30 30 32 36 39 38 29 25 24 25 27 32 36 40 38 34 31 29 28 27 27
48 54 61 63 65 65 66 68 56 53 56 70 64 46 48 48 37 33 28 24 22 19 18 18 19 21 31 31 31 26 19 18 19 18 23 27 24 31 28 22 21 22 22 24 23 19 21 27 27 22 19 17 16 16 15 16 15 14 14 15 15 12 10 11 11 12 14 17 18 21 24 28 31 31 32 33 34 37 40 34 29 26 26 29 32 38 41 41 38 36 31 28 27 26 26
44 48 51 57 57 57 58 56 50 49 49 56 64 47 42 37 32 31 25 22 20 19 18 19 24 31 31 26 23 20 17 15 15 17 23 28 26 27 29 21 19 20 20 22 21 21 24 22 22 20 19 16 15 18 18 15 14 14 13 14 14 15 13 13 11 11 13 14 16 18 22 28 32 32 33 35 38 40 39 33 30 29 31 34 37 40 40 39 40 38 32 28 26 25 26
42 47 53 53 53 58 62 59 52 50 52 54 59 52 41 41 39 31 23 21 20 21 22 23 26 26 23 22 21 20 17 15 16 17 20 25 24 24 28 20 18 19 19 19 20 23 24 25 19 19 16 15 16 21 15 12 12 13 13 14 15 18 18 15 12 11 12 14 15 17 21 25 30 32 33 37 40 40 37 34 34 37 42 46 44 41 39 38 37 36 34 27 25 25 26
41 47 59 68 56 55 55 58 66 63 58 58 65 64 51 40 33 26 23 22 21 21 22 22 22 21 20 19 19 20 19 17 17 18 20 22 22 21 20 19 19 18 19 21 21 22 27 27 23 19 16 15 15 14 12 12 12 12 15 16 17 18 15 14 12 11 12 13 15 17 20 24 28 31 35 37 38 37 36 36 39 44 45 46 43 40 38 37 36 35 37 27 24 24 26
45 58 65 76 73 57 55 58 67 62 53 53 60 67 52 38 29 25 24 22 21 21 20 20 20 19 19 18 18 18 18 21 22 16 18 20 20 20 21 22 20 22 21 24 25 21 22 23 19 20 17 15 15 14 13 13 12 11 12 15 18 17 14 13 11 11 12 13 14 18 20 24 27 31 35 35 33 32 33 36 42 45 44 43 42 40 38 36 35 34 35 27 24 24 25
58 65 64 61 59 64 59 51 52 52 49 50 67 58 41 30 27 25 24 22 21 21 20 20 19 19 18 18 18 17 16 16 17 16 14 15 17 24 22 19 20 23 22 24 25 19 18 17 14 15 17 16 17 16 15 13 13 11 10 11 13 14 13 14 12 12 12 13 14 19 23 25 28 30 31 29 28 28 31 37 43 44 43 42 41 39 37 36 35 33 34 29 24 23 24
58 65 65 59 57 57 56 56 52 49 50 50 49 39 33 29 27 26 24 22 21 21 20 20 19 18 18 19 18 17 16 15 15 14 13 12 14 16 18 16 18 23 26 27 27 18 15 13 13 13 14 18 19 18 16 14 14 14 13 13 11 12 13 12 12 12 12 13 14 17 24 25 31 33 28 25 25 27 32 40 44 44 44 41 40 38 36 35 35 33 32 28 25 23 23
58 63 65 62 72 81 85 96 78 58 50 46 42 37 32 28 27 25 24 23 22 21 20 20 19 18 17 17 17 16 15 15 14 13 13 12 13 12 13 14 17 23 31 30 26 18 16 14 12 12 13 15 17 16 15 15 13 13 14 14 12 12 12 12 12 12 12 13 15 16 19 24 26 29 26 23 24 28 36 42 43 42 41 38 38 40 36 35 34 32 33 29 26 24 23
60 65 66 62 61 65 76 104 81 66 49 44 41 36 32 29 27 26 25 23 22 21 19 19 18 17 17 17 16 16 15 15 14 13 13 12 13 14 13 13 15 18 20 20 19 22 23 19 14 12 13 12 14 13 13 13 13 15 15 14 13 12 12 12 12 13 15 15 14 15 17 20 22 22 21 21 25 30 40 42 43 39 36 35 36 35 35 32 31 31 30 29 29 26 23
67 65 63 58 74 70 64 63 66 55 48 45 41 37 35 30 28 26 25 23 22 21 17 16 17 18 17 17 17 16 15 15 14 13 13 13 13 13 13 13 14 17 18 17 17 21 25 21 16 14 13 12 12 12 13 13 16 18 16 15 14 13 13 13 14 16 17 18 17 15 16 18 19 19 20 22 27 37 43 35 38 34 33 32 32 32 32 30 29 29 28 27 26 24 23
65 60 67 73 78 62 53 52 52 52 50 46 42 39 34 31 29 27 26 24 22 20 17 16 17 18 20 19 18 18 17 15 15 14 14 14 14 13 14 14 14 15 17 18 16 16 17 20 16 15 13 13 12 14 15 15 18 21 19 17 16 14 13 16 18 21 18 19 21 19 17 17 19 22 22 24 30 41 42 32 31 31 30 30 29 28 29 28 28 27 27 25 24 23 22
63 57 61 60 55 55 56 58 59 56 52 47 43 38 35 32 30 29 27 25 24 21 18 17 18 19 20 21 19 19 19 18 16 14 14 14 14 14 13 14 14 15 16 15 16 15 14 14 13 13 13 13 13 14 16 17 19 23 23 21 17 15 15 19 20 21 20 22 19 17 17 19 21 24 25 27 33 42 39 31 28 28 28 27 27 26 26 26 26 28 28 25 24 25 24
62 57 61 63 62 65 65 65 62 58 53 48 43 39 35 32 29 29 24 23 23 19 20 19 20 19 20 21 20 19 18 17 15 15 14 14 15 15 14 15 15 17 18 18 18 17 16 15 15 14 13 13 13 13 15 15 17 22 27 22 16 14 13 15 17 20 22 22 21 18 18 21 25 29 32 31 37 43 35 29 26 26 25 25 24 24 24 25 26 28 28 24 25 28 26
60 66 68 69 70 71 71 69 66 61 56 51 45 40 36 33 30 30 25 23 23 23 21 22 22 21 21 22 22 20 18 16 15 15 14 14 14 15 16 16 17 18 19 23 24 24 24 23 22 23 21 16 14 13 15 15 15 15 18 20 18 15 14 14 16 18 22 22 20 20 21 23 34 40 42 38 37 36 30 27 25 24 24 23 22 22 23 25 27 29 27 24 24 25 25
66 66 69 69 72 74 75 75 72 67 60 53 47 42 38 34 32 29 27 26 26 25 25 27 27 25 24 22 22 22 20 17 15 14 13 14 14 15 17 18 20 22 21 23 29 33 36 38 43 42 27 21 18 18 18 17 17 17 16 18 20 17 15 15 16 20 21 23 24 23 24 27 30 37 39 36 35 31 28 26 27 31 28 22 21 22 23 26 30 32 27 24 23 23 24
70 64 64 67 66 66 70 78 81 75 64 56 50 45 40 36 32 29 28 27 27 26 27 29 28 27 25 24 27 33 26 19 15 14 14 15 18 17 22 27 29 26 24 26 30 36 42 48 44 40 37 35 34 29 24 19 17 18 18 17 17 16 16 16 17 19 20 21 22 23 24 26 28 29 29 31 30 27 25 28 32 31 25 21 21 22 24 30 35 32 27 24 22 23 24
