data/train-rasters-2.5m/bclim13.asc
NCOLS 322 
NROWS 151 
XLLCORNER -122.75 
YLLCORNER 31.9166666666667 
CELLSIZE 0.0416666666666677 
NODATA_value -3.4e+38 
[rows 0 to 41 of 151, columns 0 to 94 of 322]
205.000000000000000 190 184 174 161 169 178 160 154 152 148 144 154 155 137 126 123 119 117 112 107 106 102 98 93 90 88 88 87 86 87 88 90 92 94 95 95 96 96 96 98 100 103 107 112 123 128 135 145 145 151 161 168 165 173 190 207 192 178 195 201 203 197 189 187 181 172 164 161 159 153 150 148 144 139 139 128 127 129 113 121 98 64 56 51 56 57 59 59 57 54 43 39 39 35
215 213 211 211 179 170 171 164 158 154 150 145 146 155 150 125 119 115 109 105 103 103 100 95 91 86 84 84 83 83 84 86 87 90 92 93 93 93 93 94 97 100 103 104 108 116 124 140 166 162 142 147 151 162 172 183 181 168 199 199 211 211 209 201 193 184 175 167 159 154 149 145 139 138 143 138 142 135 129 119 101 90 93 75 66 60 61 60 58 49 43 38 37 37 36
214 221 215 197 188 183 176 168 -3.4e+38 -3.4e+38 150 144 141 144 139 126 117 108 105 100 96 95 93 88 84 81 80 79 79 79 81 82 84 87 89 91 91 90 90 91 93 96 97 99 101 109 128 133 166 153 139 143 152 157 163 166 157 169 177 180 199 207 209 204 195 186 177 169 161 152 147 142 140 145 140 134 134 135 130 129 130 124 119 97 82 70 65 58 48 43 40 39 38 38 37
221 221 228 229 211 194 187 -3.4e+38 -3.4e+38 -3.4e+38 -3.4e+38 143 143 136 128 119 110 106 100 95 91 86 83 79 77 76 76 75 76 76 76 78 80 82 85 87 87 86 86 87 88 90 92 94 96 104 125 133 136 152 149 145 142 149 151 146 161 176 193 206 204 208 208 205 197 189 180 171 162 155 148 141 137 138 131 128 128 130 130 129 128 130 120 122 102 73 55 51 47 45 43 41 39 39 40
231 231 231 228 220 207 204 -3.4e+38 -3.4e+38 163 153 145 148 148 130 115 109 107 107 97 88 82 77 75 74 72 72 72 72 72 73 73 75 78 80 81 82 82 82 83 84 86 88 91 94 96 104 126 129 132 146 157 139 137 136 152 162 183 176 183 198 196 200 205 196 192 184 175 167 159 151 143 138 134 131 127 134 119 128 130 117 116 133 113 100 81 57 53 51 49 46 45 42 42 44
237 238 238 231 231 222 207 185 172 164 159 155 150 149 137 120 106 102 102 118 107 95 79 76 73 70 69 68 68 67 69 70 71 73 75 76 77 77 78 79 80 81 84 85 88 89 94 108 125 121 125 127 133 126 133 144 149 157 165 176 172 179 199 206 191 190 187 179 172 166 157 148 141 134 127 126 118 129 133 116 112 126 133 126 124 111 69 57 54 52 50 47 46 49 51
234 233 239 242 233 222 208 -3.4e+38 174 161 162 164 154 151 154 124 103 99 109 109 129 119 90 76 71 68 66 65 65 64 64 65 66 68 69 70 72 73 73 75 75 77 78 80 82 83 86 93 111 121 112 111 118 120 127 133 135 142 154 162 156 178 190 199 185 187 184 180 172 170 160 154 148 142 134 129 121 114 109 118 110 124 132 123 114 90 74 62 58 55 53 51 51 53 50
222 223 232 235 228 217 205 196 168 158 147 156 165 146 136 120 104 104 116 166 164 113 97 79 71 66 64 62 61 61 61 61 62 63 64 65 67 68 69 70 71 72 74 75 77 79 81 85 95 110 110 103 109 118 126 122 129 138 136 140 141 157 160 187 175 172 161 164 171 170 167 157 149 144 140 136 136 139 125 112 111 114 117 118 133 114 76 67 63 64 59 57 57 55 51
-3.4e+38 -3.4e+38 -3.4e+38 224 220 212 200 181 -3.4e+38 -3.4e+38 139 136 152 157 136 126 122 102 108 146 148 130 134 93 80 68 62 60 59 58 57 57 58 59 60 61 63 64 65 66 67 69 70 72 74 76 79 80 82 88 93 103 110 111 120 118 117 119 135 157 164 164 162 145 147 156 173 180 182 179 170 160 153 148 144 138 133 141 130 123 127 122 113 126 128 117 80 73 69 69 66 64 63 62 56
-3.4e+38 -3.4e+38 -3.4e+38 -3.4e+38 -3.4e+38 202 187 170 161 142 133 126 128 147 134 128 149 124 97 103 112 114 144 124 85 81 67 58 56 55 54 54 54 55 56 57 59 60 62 63 64 65 66 68 70 72 75 77 78 80 84 94 105 108 112 113 111 128 129 152 174 181 169 171 167 173 183 185 184 183 177 167 158 152 149 138 136 132 124 132 130 134 132 119 139 135 100 78 75 72 70 67 67 66 64
-3.4e+38 -3.4e+38 -3.4e+38 -3.4e+38 -3.4e+38 182 180 169 150 -3.4e+38 130 121 114 110 122 118 123 121 100 93 95 96 102 104 99 95 81 64 57 53 51 51 51 52 53 54 56 57 58 59 60 61 63 64 66 68 70 72 74 79 81 82 86 94 104 107 103 107 138 140 153 175 179 171 162 169 187 194 190 185 178 169 161 155 150 143 138 132 128 126 126 133 145 134 130 122 98 82 84 76 72 68 65 62 63
-3.4e+38 -3.4e+38 -3.4e+38 -3.4e+38 -3.4e+38 170 171 163 143 133 -3.4e+38 114 108 102 100 108 108 113 119 85 83 86 90 81 80 91 92 72 61 54 50 49 48 49 51 52 53 55 56 57 58 58 59 61 63 65 68 70 71 72 74 75 76 80 89 100 97 104 121 140 136 145 169 169 162 161 173 179 184 188 182 179 172 167 162 159 153 135 130 128 120 129 139 148 130 116 105 109 90 80 76 72 68 64 60
-3.4e+38 -3.4e+38 -3.4e+38 -3.4e+38 -3.4e+38 -3.4e+38 164 164 142 -3.4e+38 -3.4e+38 -3.4e+38 104 98 92 90 91 103 116 93 75 73 73 78 80 85 110 106 86 74 57 49 48 49 50 50 51 53 54 55 55 56 57 59 61 62 64 66 68 69 72 74 75 77 79 87 97 98 107 112 109 136 166 161 156 153 164 168 165 173 167 170 180 166 158 151 146 139 134 141 135 122 133 135 122 127 109 96 90 82 79 75 71 68 63
-3.4e+38 -3.4e+38 -3.4e+38 -3.4e+38 -3.4e+38 -3.4e+38 165 144 126 -3.4e+38 -3.4e+38 -3.4e+38 -3.4e+38 -3.4e+38 88 85 86 114 132 131 84 84 81 80 89 93 115 120 98 84 72 60 52 51 50 50 51 52 52 53 54 55 56 57 59 60 62 63 65 67 68 70 72 73 74 81 85 94 102 102 125 120 137 151 138 151 163 150 153 150 176 187 182 171 161 156 149 143 138 140 148 135 132 122 106 119 109 94 91 90 81 77 74 71 67
-3.4e+38 -3.4e+38 -3.4e+38 -3.4e+38 -3.4e+38 156 159 160 126 114 108 -3.4e+38 -3.4e+38 -3.4e+38 83 81 77 79 109 110 91 79 86 101 103 104 140 151 137 116 90 81 67 57 53 51 51 51 52 53 53 54 55 56 57 59 60 61 63 66 67 69 70 72 73 75 78 82 97 94 111 138 127 127 129 141 141 162 182 180 162 178 185 181 169 159 153 149 144 139 140 132 125 114 110 108 105 96 92 95 92 86 83 74 71
-3.4e+38 -3.4e+38 -3.4e+38 -3.4e+38 -3.4e+38 161 178 178 149 123 107 101 96 -3.4e+38 81 78 75 72 71 88 89 86 103 122 152 124 170 183 162 170 138 98 88 89 67 55 53 52 52 52 53 53 54 55 57 58 59 60 63 65 67 68 70 70 71 73 74 77 88 91 100 120 151 151 162 157 165 163 181 189 178 191 188 187 178 167 158 151 146 140 140 129 124 120 117 112 106 101 95 100 111 111 105 95 81
-3.4e+38 -3.4e+38 -3.4e+38 -3.4e+38 -3.4e+38 149 152 175 162 133 121 103 95 90 -3.4e+38 76 73 70 69 71 116 121 121 161 202 208 143 163 183 172 174 126 123 112 87 71 57 54 53 53 53 53 54 55 56 57 58 59 61 64 65 66 67 68 69 70 73 74 78 86 94 104 126 133 153 164 162 166 168 177 186 193 189 190 187 178 167 158 150 145 140 134 131 129 123 123 112 105 102 99 96 107 114 113 97
-3.4e+38 -3.4e+38 -3.4e+38 -3.4e+38 -3.4e+38 -3.4e+38 138 136 145 159 132 116 96 90 83 78 71 69 67 68 95 145 110 143 165 197 189 147 201 181 184 165 149 145 101 90 70 58 54 54 53 54 54 54 55 56 57 58 60 61 63 64 65 66 68 70 73 76 76 81 91 94 100 114 143 141 145 152 152 156 168 179 182 189 186 180 170 160 155 153 151 144 140 134 132 127 116 107 107 117 105 104 111 114 111
-3.4e+38 -3.4e+38 -3.4e+38 -3.4e+38 -3.4e+38 -3.4e+38 -3.4e+38 133 144 178 185 130 106 95 86 78 73 69 69 69 69 93 119 150 162 194 176 161 159 180 187 146 135 114 104 88 86 66 57 55 55 54 54 54 55 55 56 57 58 59 61 63 65 66 68 71 74 73 72 73 84 88 103 106 131 134 121 133 139 142 159 155 174 191 188 183 178 170 163 161 160 154 147 142 138 133 126 115 114 113 106 105 99 101 102
-3.4e+38 -3.4e+38 -3.4e+38 -3.4e+38 -3.4e+38 -3.4e+38 -3.4e+38 134 142 164 197 173 122 111 96 85 78 74 74 73 72 77 109 142 167 175 181 169 154 155 157 151 141 122 126 94 87 70 60 57 56 55 54 54 54 54 55 55 56 58 60 62 63 65 66 67 69 68 68 68 73 78 84 96 104 118 128 135 128 126 138 152 158 171 179 180 182 175 165 165 165 160 153 147 143 135 132 126 114 108 103 99 103 110 118
-3.4e+38 -3.4e+38 -3.4e+38 -3.4e+38 -3.4e+38 -3.4e+38 -3.4e+38 -3.4e+38 139 145 159 167 170 151 131 105 93 87 82 80 79 78 81 113 148 163 187 180 153 147 143 159 157 112 112 97 84 72 62 58 56 56 55 54 54 54 54 54 55 56 58 60 62 63 64 64 65 65 65 65 67 70 77 81 90 105 117 120 109 110 106 143 142 147 157 172 181 180 177 168 167 161 153 152 149 140 131 132 127 119 109 103 102 112 122
-3.4e+38 -3.4e+38 -3.4e+38 -3.4e+38 -3.4e+38 -3.4e+38 -3.4e+38 -3.4e+38 139 142 144 152 177 196 195 156 115 101 96 92 89 86 85 93 132 144 178 201 168 157 146 155 171 134 102 99 87 70 62 59 57 56 55 54 52 52 52 52 53 54 56 58 60 62 63 62 62 62 63 63 64 66 70 75 83 92 94 98 101 101 113 134 152 170 154 164 175 177 179 176 171 164 157 157 147 135 130 125 126 122 117 109 120 112 121
-3.4e+38 -3.4e+38 -3.4e+38 -3.4e+38 -3.4e+38 -3.4e+38 -3.4e+38 -3.4e+38 141 150 153 156 155 171 198 178 144 120 112 106 100 97 95 103 121 130 143 177 182 154 134 130 124 103 115 91 89 76 63 59 57 56 54 53 51 50 50 50 51 52 54 56 58 60 61 60 60 60 60 61 61 62 65 70 76 82 84 81 88 103 121 115 141 154 168 174 175 165 176 181 176 166 158 156 145 141 137 127 123 120 118 111 114 118 114
-3.4e+38 -3.4e+38 -3.4e+38 -3.4e+38 -3.4e+38 -3.4e+38 -3.4e+38 -3.4e+38 146 150 168 181 191 164 181 207 186 163 134 130 116 108 107 101 112 118 115 144 161 159 132 131 111 100 99 92 87 78 67 60 56 54 52 51 49 48 48 48 49 50 52 53 55 57 57 57 57 58 58 59 59 59 60 62 69 71 71 81 91 105 112 105 129 142 144 145 156 157 160 177 177 163 159 165 163 156 144 132 125 121 116 116 110 104 105
-3.4e+38 -3.4e+38 -3.4e+38 -3.4e+38 -3.4e+38 -3.4e+38 -3.4e+38 -3.4e+38 149 153 170 178 186 186 169 175 184 176 153 180 158 136 121 117 103 106 109 120 149 140 125 131 111 108 104 105 92 85 72 63 55 53 50 48 47 46 45 46 47 48 50 51 52 53 54 55 55 55 55 56 56 57 57 58 61 65 70 73 79 92 95 105 116 137 133 124 142 140 147 160 167 156 165 165 166 159 144 133 128 123 119 117 116 115 112
-3.4e+38 -3.4e+38 -3.4e+38 -3.4e+38 -3.4e+38 -3.4e+38 -3.4e+38 -3.4e+38 -3.4e+38 149 164 171 192 201 172 165 169 174 170 174 192 162 148 133 121 109 101 104 122 143 123 132 111 99 102 98 98 89 73 61 55 51 49 46 44 43 44 45 46 47 48 49 50 51 52 52 53 53 54 54 54 54 55 57 58 60 63 67 70 77 95 97 103 115 111 136 130 117 129 136 143 164 176 176 173 163 150 139 133 128 125 118 114 114 119
-3.4e+38 -3.4e+38 -3.4e+38 -3.4e+38 -3.4e+38 -3.4e+38 -3.4e+38 -3.4e+38 -3.4e+38 149 152 166 181 200 207 170 166 166 165 166 172 195 170 142 126 119 105 99 104 133 123 132 115 100 89 88 96 87 66 63 53 49 47 45 43 42 43 43 44 45 46 47 48 48 49 50 50 51 51 51 52 52 53 54 55 55 57 61 62 74 86 93 97 97 97 128 116 132 132 166 165 171 181 176 176 171 166 146 135 131 131 123 119 114 118
-3.4e+38 -3.4e+38 -3.4e+38 -3.4e+38 -3.4e+38 -3.4e+38 -3.4e+38 -3.4e+38 -3.4e+38 -3.4e+38 -3.4e+38 162 167 185 197 184 164 165 163 157 165 172 170 160 137 124 111 102 98 103 109 110 115 99 83 86 88 74 63 58 53 50 47 44 43 41 42 42 43 43 44 45 46 46 47 48 48 49 49 49 49 49 50 51 52 52 53 56 58 65 68 73 75 89 89 97 105 128 135 160 171 175 179 166 166 177 171 165 147 138 135 139 124 117 114
-3.4e+38 -3.4e+38 -3.4e+38 -3.4e+38 -3.4e+38 -3.4e+38 -3.4e+38 -3.4e+38 -3.4e+38 -3.4e+38 -3.4e+38 -3.4e+38 160 170 179 180 173 168 163 158 154 151 145 139 142 126 111 104 99 94 99 102 97 88 85 90 86 80 67 62 62 56 49 45 42 41 41 41 41 42 42 43 44 44 45 46 46 46 47 47 47 47 48 48 49 50 50 53 56 59 61 66 68 76 83 100 107 110 131 142 146 158 157 159 155 171 174 170 167 155 154 140 124 120 117
-3.4e+38 -3.4e+38 -3.4e+38 -3.4e+38 -3.4e+38 -3.4e+38 -3.4e+38 -3.4e+38 -3.4e+38 -3.4e+38 -3.4e+38 -3.4e+38 -3.4e+38 163 168 171 170 162 160 154 148 143 134 124 123 135 126 116 99 91 86 84 83 84 89 94 102 115 75 62 56 55 51 46 42 40 40 40 40 40 41 42 42 43 43 44 44 44 45 45 45 45 46 46 47 48 49 50 53 56 58 63 63 69 79 83 87 93 102 121 139 143 143 151 148 156 156 164 167 166 162 142 129 123 123
-3.4e+38 -3.4e+38 -3.4e+38 -3.4e+38 -3.4e+38 -3.4e+38 -3.4e+38 -3.4e+38 -3.4e+38 -3.4e+38 -3.4e+38 -3.4e+38 -3.4e+38 -3.4e+38 -3.4e+38 162 162 162 -3.4e+38 -3.4e+38 141 139 131 120 112 113 122 109 98 88 83 78 75 74 83 97 118 95 83 68 60 52 50 46 45 42 39 39 39 39 39 40 40 41 41 42 42 43 43 43 43 44 44 46 45 46 48 50 52 55 58 59 60 66 78 80 84 85 109 125 134 127 133 142 143 153 147 158 171 156 167 148 135 134 139
-3.4e+38 -3.4e+38 -3.4e+38 -3.4e+38 -3.4e+38 -3.4e+38 -3.4e+38 -3.4e+38 -3.4e+38 -3.4e+38 -3.4e+38 -3.4e+38 -3.4e+38 -3.4e+38 -3.4e+38 -3.4e+38 -3.4e+38 -3.4e+38 -3.4e+38 -3.4e+38 -3.4e+38 133 126 116 111 106 103 101 92 94 84 78 73 70 79 102 124 126 100 74 75 62 51 50 50 49 42 39 38 38 38 39 39 39 40 40 41 41 41 42 42 42 43 44 44 45 47 49 51 53 56 57 60 62 67 70 73 79 92 117 129 131 136 115 133 142 141 142 141 150 156 146 148 140 134
-3.4e+38 -3.4e+38 -3.4e+38 -3.4e+38 -3.4e+38 -3.4e+38 -3.4e+38 -3.4e+38 -3.4e+38 -3.4e+38 -3.4e+38 -3.4e+38 -3.4e+38 -3.4e+38 -3.4e+38 -3.4e+38 -3.4e+38 -3.4e+38 -3.4e+38 -3.4e+38 -3.4e+38 -3.4e+38 121 117 111 105 101 100 90 82 80 77 72 70 71 88 105 93 122 79 76 80 61 56 53 49 45 40 38 38 37 38 38 38 38 39 39 40 40 40 41 41 41 43 44 45 46 48 50 51 54 57 59 61 63 66 69 73 80 100 115 107 108 119 136 146 143 139 140 136 133 129 127 122 130
-3.4e+38 -3.4e+38 -3.4e+38 -3.4e+38 -3.4e+38 -3.4e+38 -3.4e+38 -3.4e+38 -3.4e+38 -3.4e+38 -3.4e+38 -3.4e+38 -3.4e+38 -3.4e+38 -3.4e+38 -3.4e+38 -3.4e+38 -3.4e+38 -3.4e+38 -3.4e+38 -3.4e+38 -3.4e+38 119 113 106 104 100 100 100 97 86 81 74 71 72 71 89 88 102 102 79 103 107 85 63 49 44 40 38 37 37 37 37 38 38 38 38 39 39 40 40 40 40 41 43 44 45 46 49 51 53 56 57 60 61 64 66 70 75 82 89 104 103 126 129 142 147 147 140 155 171 174 138 135 124
-3.4e+38 -3.4e+38 -3.4e+38 -3.4e+38 -3.4e+38 -3.4e+38 -3.4e+38 -3.4e+38 -3.4e+38 -3.4e+38 -3.4e+38 -3.4e+38 -3.4e+38 -3.4e+38 -3.4e+38 -3.4e+38 -3.4e+38 -3.4e+38 -3.4e+38 -3.4e+38 -3.4e+38 -3.4e+38 116 111 102 95 89 88 99 124 126 101 84 73 70 73 78 87 88 102 100 110 110 95 56 44 43 42 39 38 37 37 37 37 37 37 37 37 37 38 38 39 39 40 42 43 44 45 48 50 52 55 56 58 59 61 64 67 71 74 82 89 110 126 130 138 141 147 154 151 181 181 163 165 155
-3.4e+38 -3.4e+38 -3.4e+38 -3.4e+38 -3.4e+38 -3.4e+38 -3.4e+38 -3.4e+38 -3.4e+38 -3.4e+38 -3.4e+38 -3.4e+38 -3.4e+38 -3.4e+38 -3.4e+38 -3.4e+38 -3.4e+38 -3.4e+38 -3.4e+38 -3.4e+38 -3.4e+38 -3.4e+38 117 110 100 90 82 77 93 107 129 124 102 80 70 66 79 82 84 97 105 112 129 102 52 47 58 56 44 38 37 37 37 37 36 36 36 36 36 37 37 38 39 39 40 41 43 44 45 47 50 53 54 55 57 59 62 64 66 73 86 83 103 125 124 136 135 135 138 154 180 184 180 158 154
-3.4e+38 -3.4e+38 -3.4e+38 -3.4e+38 -3.4e+38 -3.4e+38 -3.4e+38 -3.4e+38 -3.4e+38 -3.4e+38 -3.4e+38 -3.4e+38 -3.4e+38 -3.4e+38 -3.4e+38 -3.4e+38 -3.4e+38 -3.4e+38 -3.4e+38 -3.4e+38 -3.4e+38 -3.4e+38 119 112 98 88 77 69 71 95 123 127 131 100 75 65 70 68 93 95 102 116 122 115 61 51 70 69 52 39 37 36 36 36 36 35 35 35 35 36 36 38 38 38 39 40 41 43 44 46 48 50 53 54 55 57 59 61 63 69 71 74 79 101 109 115 130 136 135 138 144 166 172 167 151
-3.4e+38 -3.4e+38 -3.4e+38 -3.4e+38 -3.4e+38 -3.4e+38 -3.4e+38 -3.4e+38 -3.4e+38 -3.4e+38 -3.4e+38 -3.4e+38 -3.4e+38 -3.4e+38 -3.4e+38 -3.4e+38 -3.4e+38 -3.4e+38 -3.4e+38 152 -3.4e+38 132 128 121 105 88 76 65 63 72 81 100 126 126 115 81 70 84 74 91 100 90 96 77 52 53 66 73 56 42 37 36 36 35 35 35 35 35 34 35 35 36 38 39 39 39 40 42 43 45 47 49 50 52 54 56 58 59 61 64 66 68 71 78 92 118 124 125 127 131 130 143 153 164 165
-3.4e+38 -3.4e+38 -3.4e+38 -3.4e+38 -3.4e+38 -3.4e+38 -3.4e+38 -3.4e+38 -3.4e+38 -3.4e+38 -3.4e+38 -3.4e+38 -3.4e+38 -3.4e+38 -3.4e+38 -3.4e+38 -3.4e+38 -3.4e+38 162 163 153 139 137 133 117 102 88 71 66 65 68 79 91 120 138 118 81 76 97 103 135 124 85 67 53 44 45 46 44 40 42 39 38 36 35 34 34 34 34 34 35 35 36 39 40 40 39 41 44 45 47 49 50 50 52 54 56 57 59 60 63 66 68 72 89 112 115 112 125 125 126 123 124 149 159
-3.4e+38 -3.4e+38 -3.4e+38 -3.4e+38 -3.4e+38 -3.4e+38 -3.4e+38 -3.4e+38 -3.4e+38 -3.4e+38 -3.4e+38 -3.4e+38 -3.4e+38 -3.4e+38 -3.4e+38 -3.4e+38 -3.4e+38 -3.4e+38 166 166 164 157 148 141 125 129 135 108 78 67 65 69 79 98 119 112 101 81 74 81 116 139 104 113 99 70 62 52 50 46 49 46 41 37 36 35 35 34 34 34 34 35 35 36 37 37 38 40 43 46 47 47 48 48 50 52 53 55 56 58 60 63 64 66 71 85 93 104 118 111 122 123 112 117 137
-3.4e+38 -3.4e+38 -3.4e+38 -3.4e+38 -3.4e+38 -3.4e+38 -3.4e+38 -3.4e+38 -3.4e+38 -3.4e+38 -3.4e+38 -3.4e+38 -3.4e+38 -3.4e+38 -3.4e+38 -3.4e+38 -3.4e+38 -3.4e+38 -3.4e+38 170 171 161 152 146 144 136 150 163 121 76 67 63 65 73 96 105 95 82 74 70 78 102 118 123 102 76 77 87 87 64 70 71 62 46 39 37 36 35 34 34 34 34 34 35 36 37 37 39 42 43 43 44 45 47 48 50 51 53 54 55 57 59 60 63 72 82 78 94 109 99 113 111 104 120 106
-3.4e+38 -3.4e+38 -3.4e+38 -3.4e+38 -3.4e+38 -3.4e+38 -3.4e+38 -3.4e+38 -3.4e+38 -3.4e+38 -3.4e+38 -3.4e+38 -3.4e+38 -3.4e+38 -3.4e+38 -3.4e+38 -3.4e+38 -3.4e+38 -3.4e+38 183 186 179 170 160 142 141 136 142 158 118 75 65 62 60 81 86 89 89 71 74 76 82 92 108 134 121 96 73 71 62 73 93 94 64 46 38 36 35 35 34 34 34 34 34 35 36 37 38 39 40 41 43 44 45 46 48 49 50 52 53 54 55 57 59 61 64 72 76 91 92 111 103 97 96 104
