data/train-rasters-2.5m/bclim1.asc
NCOLS 322 
NROWS 151 
XLLCORNER -122.75 
YLLCORNER 31.9166666666667 
CELLSIZE 0.0416666666666677 
NODATA_value -3.4e+38 
[rows 105 to 125 of 151, columns 188 to 234 of 322]
22.9576663970947 23.0431671142578 22.8753337860107 22.8106670379639 22.7391662597656 22.52516746521 21.6458339691162 22.3236675262451 23.0734996795654 22.970832824707 22.1646671295166 21.9848327636719 22.2814998626709 22.5494995117188 22.5538330078125 22.3806667327881 22.2641658782959 22.2081661224365 22.1544990539551 22.0536670684814 21.9965000152588 21.9536666870117 21.9769992828369 21.8751659393311 21.7049999237061 21.6860008239746 21.7700004577637 21.593334197998 20.9383335113525 20.810998916626 20.9663333892822 20.9284992218018 20.8613338470459 20.9466667175293 21.0328330993652 20.9324989318848 19.8453330993652 17.4311676025391 17.6490001678467 19.2779998779297 20.4858341217041 20.5358333587646 20.3945007324219 20.429666519165 20.5938339233398 20.683666229248 20.5901660919189
22.7193336486816 23.3081665039062 23.3318328857422 23.0974998474121 22.9843330383301 23.0025005340576 22.8444995880127 22.4831657409668 22.728666305542 22.9406661987305 22.2600002288818 22.0756664276123 22.5801658630371 22.8490009307861 22.7469997406006 22.6088333129883 22.4916667938232 22.3843326568604 22.3026657104492 22.2325000762939 21.94700050354 21.6895008087158 22.0568332672119 22.0790004730225 21.9211673736572 21.8843326568604 21.9863338470459 22.0314998626709 21.7508335113525 21.2236671447754 21.0626659393311 21.0174999237061 21.0401668548584 21.0914993286133 21.007833480835 20.5628337860107 20.2511672973633 19.9008331298828 20.0098323822021 20.7588329315186 20.9330005645752 20.6083335876465 20.4323329925537 20.4193325042725 20.6261672973633 20.7563343048096 20.7756671905518
22.9400005340576 22.9266662597656 23.490665435791 23.3959999084473 23.2813339233398 23.2719993591309 23.2703323364258 23.2108325958252 23.0938339233398 23.0403327941895 22.4586658477783 22.3501663208008 22.7113342285156 22.8678340911865 22.6481666564941 22.7194995880127 22.7045001983643 22.5803337097168 22.4125003814697 22.1243343353271 21.7143325805664 21.8126659393311 22.117000579834 22.1906661987305 22.0863342285156 22.0263328552246 22.0906677246094 22.1638336181641 22.0473327636719 21.6070003509521 21.1308326721191 21.170166015625 21.3626670837402 21.5370006561279 21.5860004425049 21.4838333129883 21.4559993743896 21.3761672973633 21.5198345184326 21.4724998474121 21.2418327331543 20.8183326721191 20.4873332977295 20.3010005950928 20.4341659545898 20.554666519165 20.8330001831055
23.5966663360596 22.806999206543 23.3269996643066 23.5613327026367 23.4689998626709 23.3036670684814 23.0928325653076 22.9039993286133 22.7959995269775 22.6445007324219 22.6791667938232 22.8318328857422 22.933666229248 22.6275005340576 22.3426666259766 22.5799999237061 22.7416667938232 22.6364994049072 22.4346675872803 22.1025009155273 21.6431674957275 21.7006664276123 21.9909992218018 22.0491676330566 22.1538333892822 22.2115001678467 22.1650009155273 21.969165802002 21.8554992675781 21.8806667327881 21.7091674804688 21.5276660919189 21.6054992675781 21.7571659088135 21.7473335266113 21.6534996032715 21.7273330688477 21.8331661224365 21.8031673431396 21.7443332672119 21.587833404541 21.3423328399658 20.9953327178955 20.7369995117188 20.6341667175293 20.6831665039062 20.9616661071777
23.6888332366943 23.320333480835 23.2758331298828 23.5328330993652 23.4591674804688 23.0855007171631 22.6809997558594 22.30299949646 22.1410007476807 22.3023338317871 22.8866672515869 23.2173328399658 23.1356658935547 22.5583324432373 22.3983325958252 22.5531673431396 22.6518325805664 22.6086673736572 22.4185009002686 21.829833984375 21.3368339538574 21.2724990844727 21.5551662445068 21.8221664428711 22.0715007781982 22.3326663970947 22.2683334350586 21.9225006103516 21.7945003509521 22.0270004272461 22.0733337402344 22.0219993591309 21.9511661529541 21.8218326568604 21.699499130249 21.5676670074463 21.683666229248 21.7884998321533 21.7954998016357 21.8286666870117 21.808666229248 21.6491661071777 21.4090003967285 21.5346660614014 21.6075000762939 21.513500213623 21.4263324737549
23.6326656341553 23.5688323974609 23.4816665649414 23.5091667175293 23.2884998321533 22.7379989624023 22.345832824707 22.2738342285156 22.2159996032715 22.4985008239746 23.0438327789307 23.2876663208008 23.0243339538574 21.9820003509521 22.1608333587646 22.5016670227051 22.5648326873779 22.4973335266113 22.3484992980957 21.818000793457 20.925666809082 20.3031673431396 20.9669990539551 21.4418334960938 21.7963333129883 22.2251663208008 22.2775001525879 22.1235008239746 21.996000289917 22.0363330841064 22.0661659240723 22.0113334655762 21.8678340911865 21.7393341064453 21.7041664123535 21.6866664886475 21.6744995117188 21.7228336334229 21.8063335418701 21.8896675109863 21.9344997406006 22.0628337860107 21.7803325653076 21.6776676177979 21.8846664428711 21.9685001373291 21.9806671142578
23.5363330841064 23.5014991760254 23.4516658782959 23.4878330230713 23.0601673126221 22.3724994659424 22.091833114624 21.9444999694824 22.0389995574951 22.6286659240723 23.1119995117188 23.2210006713867 22.982666015625 22.0009994506836 22.0820007324219 22.4813327789307 22.507999420166 22.4050006866455 22.2103328704834 22.0033340454102 21.3518333435059 20.9776668548584 20.9998340606689 21.2889995574951 21.486499786377 21.8331661224365 22.1846656799316 22.1381664276123 22.0726661682129 22.0424995422363 21.9885005950928 21.9314994812012 21.8745002746582 21.8306674957275 21.7838325500488 21.7856674194336 21.808500289917 21.8223342895508 21.8878326416016 21.9768333435059 22.0443325042725 22.031665802002 22.0935001373291 22.0643329620361 21.9908332824707 22.1678333282471 22.2081661224365
23.49049949646 23.3579998016357 23.3050003051758 23.36549949646 22.816499710083 22.17799949646 22.0156669616699 21.9834995269775 22.404333114624 23.0768337249756 23.2636661529541 23.1968326568604 22.736665725708 22.4073333740234 22.1625003814697 22.2356662750244 22.4311676025391 22.3688335418701 22.2108325958252 21.9728336334229 21.6889991760254 21.4428329467773 21.2826671600342 21.3349990844727 21.5458335876465 21.7915000915527 21.9489994049072 22.1273326873779 22.1421661376953 22.1266670227051 22.0523338317871 21.9466667175293 21.9916667938232 21.9619998931885 21.9111671447754 21.8561668395996 21.9899997711182 22.0818328857422 22.103666305542 22.1228332519531 22.1310005187988 21.7849998474121 21.6550006866455 22.0410003662109 22.253999710083 22.3465003967285 22.3931674957275
23.4594993591309 23.4098339080811 23.533332824707 23.3328323364258 22.74049949646 22.1789989471436 22.0781669616699 22.4561672210693 23.0471668243408 23.3386669158936 23.3478336334229 23.1406669616699 22.9473323822021 22.468334197998 22.5050010681152 22.4118328094482 22.3301658630371 22.3258323669434 22.1571674346924 21.7896671295166 21.6181678771973 21.4340000152588 21.267333984375 21.2738342285156 21.3846664428711 21.5731658935547 21.9303340911865 22.0748329162598 22.1516666412354 22.2259998321533 22.2116661071777 22.1208324432373 21.9888324737549 21.9138336181641 21.763500213623 21.5939998626709 21.5249996185303 21.9711666107178 22.1563339233398 22.3001670837402 22.2498340606689 21.7801666259766 21.3453330993652 21.5620002746582 22.1809997558594 22.4676666259766 22.5520000457764
23.5149993896484 23.7263336181641 23.6971664428711 23.412166595459 22.7253322601318 22.2403335571289 22.3353328704834 22.9553337097168 23.367000579834 23.4099998474121 23.3055000305176 23.1763343811035 22.8505001068115 22.5541667938232 22.3656673431396 22.3083324432373 22.2771663665771 22.2474994659424 22.0936660766602 21.7841663360596 21.2736663818359 20.9521675109863 20.554666519165 20.6643333435059 21.0788326263428 21.394832611084 21.7334995269775 21.9863338470459 22.0779991149902 22.1533336639404 22.1518325805664 22.0511665344238 21.9634990692139 21.8875007629395 21.7950000762939 21.7943325042725 21.839334487915 21.7216663360596 21.9085006713867 22.3120002746582 22.3413333892822 21.8716659545898 21.4761657714844 21.8131675720215 22.2526664733887 22.4034996032715 22.7355003356934
23.3571662902832 23.638500213623 23.7623329162598 23.6386661529541 22.9578342437744 22.3878326416016 22.6961669921875 23.3053340911865 23.4895000457764 23.2621669769287 23.0573329925537 22.9169998168945 22.8570003509521 22.6704998016357 22.3461666107178 22.2383327484131 22.2024993896484 22.1813335418701 21.9829998016357 21.3104991912842 20.0441665649414 19.6768341064453 19.6975002288818 20.2760009765625 20.6711673736572 20.9663333892822 21.4701671600342 21.5728340148926 21.6871662139893 21.9813327789307 22.0034999847412 21.9408340454102 22.0163326263428 22.0833339691162 22.0575008392334 22.0568332672119 22.0533332824707 21.9401664733887 21.7439994812012 22.2059993743896 22.3531665802002 21.7830009460449 21.4576663970947 22.0576667785645 22.5566673278809 22.7543334960938 22.8668327331543
23.3896656036377 23.4206657409668 23.6788330078125 23.8118343353271 23.4516658782959 22.833833694458 23.170166015625 23.4341659545898 23.369499206543 22.9790000915527 22.8881664276123 22.6671657562256 22.6981658935547 22.6363334655762 22.382999420166 22.2028331756592 22.1308326721191 22.1331672668457 22.005500793457 21.1006660461426 19.5151672363281 19.3271675109863 19.9120006561279 20.4500007629395 20.8073329925537 21.2756671905518 21.6353340148926 21.8856658935547 22.0074996948242 21.9923343658447 21.5248336791992 21.7058334350586 22.2723331451416 22.3383331298828 22.3246669769287 22.2531661987305 22.1639995574951 22.1590003967285 22.1488342285156 22.1865005493164 22.3206672668457 21.9354991912842 21.7469997406006 22.1900005340576 22.566333770752 22.7754993438721 22.8853340148926
23.57200050354 23.7889995574951 23.8764991760254 23.7998332977295 23.61549949646 23.1196670532227 23.449333190918 23.5701675415039 22.9743328094482 22.7601661682129 22.6275005340576 22.6276664733887 22.5265007019043 22.4251670837402 22.2583332061768 22.0886669158936 22.1173324584961 22.0928325653076 22.0206661224365 21.9834995269775 21.6173324584961 20.9583339691162 20.7251663208008 20.9589996337891 21.2169990539551 21.4484996795654 21.8285007476807 22.074333190918 22.2563323974609 22.3600006103516 22.3941669464111 22.4834995269775 22.7236671447754 22.6318340301514 22.4619998931885 22.4143333435059 22.3724994659424 22.2851657867432 22.1690006256104 22.0828342437744 22.107666015625 22.1685009002686 22.3336658477783 22.570499420166 22.7306671142578 22.8231658935547 22.9305000305176
23.441333770752 23.6663341522217 23.8366661071777 23.8758335113525 23.6353340148926 23.1556663513184 23.3921661376953 23.3635005950928 22.7708339691162 22.5523338317871 22.1616668701172 22.5313339233398 22.4419994354248 22.128833770752 21.8784999847412 22.0200004577637 22.0691661834717 21.9583339691162 22.2623329162598 22.4148330688477 22.4489994049072 22.416332244873 22.3683338165283 21.9788341522217 21.3706665039062 21.7608337402344 22.0463333129883 22.2131671905518 22.3360004425049 22.4925003051758 22.6683330535889 22.7703323364258 22.8554992675781 22.845666885376 22.7401676177979 22.6221675872803 22.4934997558594 22.4330005645752 22.3286666870117 22.1453323364258 21.9780006408691 22.2498340606689 22.5963325500488 22.7941665649414 22.8528327941895 22.9370002746582 22.9340000152588
23.1965007781982 23.3999996185303 23.5113334655762 23.7363338470459 23.7621669769287 23.4963340759277 23.4171676635742 23.3751659393311 23.1943340301514 22.9173336029053 22.7463340759277 22.7548332214355 22.7936668395996 22.4689998626709 22.3176670074463 22.3131675720215 21.8986663818359 22.0634994506836 22.329833984375 22.5233325958252 22.6569995880127 22.7238330841064 22.7814998626709 22.7959995269775 22.5171661376953 22.355167388916 22.2868328094482 22.3348331451416 22.4271659851074 22.5431671142578 22.6848335266113 22.804500579834 22.8715000152588 22.9298324584961 22.8548336029053 22.8425006866455 22.9189987182617 22.8103332519531 22.7891674041748 22.5874996185303 22.5618324279785 22.603666305542 22.6346664428711 22.9195003509521 23.0935001373291 22.962833404541 22.8610000610352
22.9883327484131 23.0733337402344 23.27516746521 23.6451663970947 23.7740001678467 23.7355003356934 23.5475006103516 23.5518341064453 23.2448329925537 23.2643337249756 23.3400001525879 23.2241668701172 23.2266674041748 23.1146659851074 22.9638328552246 22.7151660919189 21.7488327026367 21.6979999542236 22.2606658935547 22.4685001373291 22.6521663665771 22.7736663818359 22.8999996185303 23.0764999389648 23.08766746521 22.9769992828369 22.654333114624 22.5493335723877 22.5126667022705 22.5306663513184 22.6943340301514 22.8241672515869 22.9118328094482 22.970832824707 22.9015007019043 22.9151668548584 23.0521659851074 23.1065006256104 23.0463333129883 23.0109996795654 22.9986667633057 23.0454998016357 23.0926666259766 23.244499206543 23.3558330535889 23.2826671600342 23.1065006256104
22.7656669616699 22.9771671295166 23.2626667022705 23.3966674804688 23.5891666412354 23.8893337249756 23.6723327636719 23.5098323822021 23.3748340606689 23.515832901001 23.5725002288818 23.6111660003662 23.5459995269775 23.3573341369629 23.1443328857422 22.8781661987305 22.3913326263428 21.6808338165283 21.9724998474121 22.3764991760254 22.6056671142578 22.7716674804688 22.925666809082 23.0774993896484 23.1871662139893 23.2438335418701 23.0306663513184 22.9500007629395 22.7798328399658 22.6110000610352 22.8931655883789 23.0044994354248 23.0821666717529 23.0853328704834 23.029167175293 23.0003337860107 23.0725002288818 23.1525001525879 23.1576671600342 23.1853332519531 23.1401672363281 22.9418334960938 23.2940006256104 23.3959999084473 23.503833770752 23.4426670074463 23.0618324279785
22.7796669006348 22.7269992828369 22.8351669311523 23.2606658935547 23.8374996185303 23.9278335571289 23.6748332977295 23.7603340148926 23.8715000152588 23.9808330535889 23.8718338012695 23.9283332824707 23.7428340911865 23.5090007781982 23.1948337554932 22.9733333587646 22.7181663513184 22.2504997253418 21.5888328552246 22.0523338317871 22.4366664886475 22.7628326416016 23.0235004425049 23.1568336486816 23.2146663665771 23.2043342590332 23.1751670837402 23.1258335113525 23.0688343048096 22.954833984375 23.11549949646 23.2261657714844 23.2466659545898 23.2316665649414 23.2196674346924 23.2351665496826 23.1673336029053 23.1536674499512 23.1364994049072 23.1923332214355 23.3061676025391 23.3261661529541 23.3603324890137 23.3503341674805 23.378833770752 23.3621673583984 22.6563339233398
23.099666595459 22.6378326416016 22.6865005493164 23.3833332061768 23.8683338165283 24.0026664733887 23.9085006713867 24.0281658172607 24.0049991607666 24.1766662597656 24.041166305542 24.0046672821045 23.8636665344238 23.6848335266113 23.3659992218018 23.1023330688477 22.9183330535889 22.7164993286133 22.0778331756592 21.6790008544922 22.1630001068115 22.6009998321533 23.0410003662109 23.3034992218018 23.2978343963623 23.125 23.0928325653076 23.179500579834 23.1928329467773 23.1236667633057 23.1486663818359 23.2133331298828 23.2508335113525 23.30299949646 23.3524990081787 23.4360008239746 23.2530002593994 23.1789989471436 23.1429996490479 23.1721668243408 23.2681674957275 23.283166885376 23.013500213623 23.1923332214355 23.1353340148926 23.2733325958252 23.0866661071777
23.2708339691162 23.2250003814697 23.0071678161621 23.1333332061768 23.5418338775635 23.8874988555908 24.0196666717529 24.2198333740234 24.1485004425049 24.1636657714844 23.7520008087158 23.7923336029053 23.9606666564941 23.8061676025391 23.4876670837402 23.2061672210693 23.0346660614014 22.9268341064453 22.6446666717529 22.1181659698486 22.1958332061768 22.2143325805664 22.8448333740234 23.3168334960938 23.4036674499512 23.2721672058105 23.1898326873779 23.2276668548584 23.3211669921875 23.2041664123535 23.0631675720215 23.1613330841064 23.1371669769287 23.2716674804688 23.2091674804688 23.3798332214355 23.3473339080811 23.2506675720215 23.2401676177979 23.1434993743896 23.1673336029053 23.2735004425049 23.3610000610352 23.2194995880127 23.2143325805664 23.2859992980957 23.0428333282471
23.3611660003662 23.2391662597656 23.1529998779297 23.1480007171631 23.2971668243408 23.441499710083 23.8226661682129 24.132999420166 24.0921669006348 24.2518329620361 23.7835006713867 23.7216663360596 23.9761657714844 23.8819999694824 23.6053333282471 23.3798332214355 23.2621669769287 23.1944999694824 23.0623340606689 22.8586673736572 22.7105007171631 22.6230010986328 23.0423336029053 23.2730007171631 23.4013328552246 23.3824996948242 23.2690010070801 23.2566661834717 23.3231658935547 23.3493328094482 23.3028335571289 23.2796669006348 23.3571662902832 23.2016658782959 23.0346660614014 23.2198333740234 23.2068328857422 23.1968326568604 23.1596660614014 23.0625 23.1223335266113 23.2681674957275 23.3365001678467 23.3500003814697 23.4274997711182 23.2803344726562 22.8034992218018
