data/train-rasters-2.5m/bclim19.asc
NCOLS 322 
NROWS 151 
XLLCORNER -122.75 
YLLCORNER 31.9166666666667 
CELLSIZE 0.0416666666666677 
NODATA_value -3.4e+38 
[rows 0 to 40 of 151, columns 92 to 183 of 322]
107 107 96 93 97 103 86 84 73 62 64 61 46 42 42 50 55 40 41 42 35 32 31 29 30 34 36 35 35 39 38 28 25 25 25 26 25 26 29 32 38 37 34 32 32 37 43 49 44 46 40 43 41 37 37 36 36 36 42 46 42 35 35 36 38 38 37 39 36 37 37 38 38 41 41 48 60 79 78 77 77 63 55 50 49 53 53 53 52 53 51 52
102 102 98 96 105 113 96 85 67 62 63 55 52 48 45 45 48 45 42 40 37 33 31 28 29 33 41 41 38 47 34 26 24 25 25 26 26 27 29 31 37 41 34 31 31 34 39 43 43 38 38 44 43 37 37 36 36 38 42 45 45 38 37 37 40 46 42 38 37 38 38 39 42 45 54 71 72 91 72 66 66 56 51 48 50 56 51 51 57 62 60 54
105 103 100 101 109 113 104 80 73 70 66 63 57 58 53 48 56 54 45 37 32 30 26 26 28 36 46 38 33 34 30 25 23 25 27 28 26 27 29 31 34 38 33 31 30 31 34 37 39 37 35 41 41 39 35 35 37 40 46 52 47 41 38 41 46 49 45 39 37 37 38 42 49 51 62 79 93 78 66 64 57 52 50 49 50 55 48 49 54 63 68 63
109 106 108 105 108 104 95 86 84 79 74 69 65 68 59 54 60 73 57 39 32 28 26 26 27 31 32 31 29 27 26 24 26 30 34 32 29 27 29 32 35 35 31 29 29 31 31 32 38 35 35 40 41 38 35 37 40 43 48 52 53 42 40 44 51 51 46 39 37 37 37 43 49 57 69 83 81 63 57 56 53 50 49 49 53 49 47 48 52 58 67 81
116 116 120 112 108 102 101 100 100 97 86 85 78 72 62 57 55 56 47 38 32 30 30 28 28 27 28 27 26 26 24 26 29 45 54 36 31 29 30 32 35 35 32 29 30 30 30 30 33 32 33 35 35 35 35 38 43 52 69 69 50 42 42 44 48 57 49 41 36 36 39 43 54 64 65 78 68 60 57 53 52 50 49 50 51 51 48 49 52 57 66 83
125 134 138 117 109 102 97 94 98 99 99 91 85 78 78 68 56 49 49 50 38 31 30 30 36 28 27 27 24 24 26 28 32 36 41 37 34 30 29 30 35 36 32 30 30 29 29 30 35 33 33 34 35 35 37 43 47 55 69 72 52 45 43 45 51 59 54 41 36 35 39 45 55 66 60 60 56 57 55 53 51 50 51 54 55 49 49 49 54 61 68 84
140 144 138 129 113 105 99 96 98 96 88 80 73 73 94 83 65 51 43 39 39 33 30 30 38 32 28 26 27 27 28 32 38 44 42 33 34 30 28 28 30 32 32 30 30 30 29 31 35 33 33 33 34 35 38 44 52 65 65 75 60 49 46 48 49 55 57 45 38 39 41 48 60 59 53 50 49 50 56 68 53 52 56 62 59 48 49 50 55 61 70 70
155 151 139 131 120 113 107 99 99 88 81 78 85 105 126 96 71 53 39 36 39 34 28 26 33 41 34 30 28 27 28 31 32 38 35 31 29 27 28 28 29 33 32 29 28 29 31 31 32 33 33 34 35 35 39 42 47 50 52 61 65 54 50 48 48 52 63 51 41 41 43 50 56 52 49 46 46 48 57 78 57 54 60 72 63 47 47 48 54 67 71 65
168 167 152 139 130 124 117 108 103 90 85 84 129 189 147 100 73 57 42 34 32 30 27 28 34 53 53 41 33 30 27 27 28 28 29 30 26 28 29 29 30 32 33 30 27 30 33 33 33 35 35 34 34 36 37 40 42 45 48 51 62 62 53 49 48 51 66 53 42 42 46 52 50 47 46 46 45 46 52 71 58 58 67 76 57 50 48 49 52 65 68 60
179 177 171 168 151 138 133 119 105 94 86 85 130 199 167 113 89 57 43 34 29 27 28 36 39 45 58 59 56 34 28 25 26 24 27 31 31 32 32 33 33 33 36 36 34 34 34 37 38 38 37 36 36 36 38 39 41 42 44 48 54 65 59 50 48 48 51 46 44 44 46 51 51 47 46 45 45 44 47 67 61 67 66 66 57 54 53 55 57 56 63 57
177 168 171 175 176 182 154 126 114 101 95 84 102 193 242 148 99 68 44 36 29 29 36 56 61 65 68 65 47 39 28 24 26 28 29 33 35 40 38 37 35 37 39 38 36 34 34 40 45 45 40 38 38 36 38 39 39 42 42 45 50 61 65 53 49 48 47 45 46 46 49 54 51 47 44 44 44 44 49 57 64 69 66 66 59 57 55 60 58 55 51 50
182 173 162 154 149 161 161 133 125 106 94 75 76 122 216 179 130 81 53 35 30 37 52 67 81 77 83 59 36 29 27 25 27 29 34 36 42 53 48 40 38 39 41 41 38 34 34 38 46 49 44 40 38 36 38 39 40 42 42 43 49 59 62 56 51 49 48 50 49 50 54 51 48 47 43 42 44 46 52 56 65 72 69 71 67 63 60 62 55 57 48 51
192 183 171 162 155 149 147 138 132 115 96 76 69 87 155 220 145 100 73 40 29 32 52 79 86 71 65 44 32 28 26 27 28 30 36 40 52 58 48 44 42 40 39 38 36 33 32 34 37 41 44 46 42 38 38 39 42 43 42 43 47 58 64 57 51 48 49 55 52 52 55 51 47 44 42 42 43 47 53 59 64 72 73 75 80 75 64 60 51 50 57 57
201 191 181 172 163 156 149 140 132 120 98 78 67 77 134 253 212 116 82 56 30 27 36 59 64 68 53 39 30 28 29 29 30 32 36 43 47 42 41 42 40 38 36 35 33 33 33 32 33 37 43 52 48 41 39 40 43 42 41 41 45 54 56 53 49 47 50 55 53 50 51 49 47 45 42 44 47 51 65 69 75 78 73 74 90 77 63 54 48 54 57 54
223 199 190 179 170 163 155 147 137 123 96 78 69 78 118 189 252 158 98 71 43 31 27 38 53 59 59 43 33 33 32 32 33 38 41 52 47 38 39 41 39 37 34 34 33 32 33 33 36 38 43 50 49 43 42 42 45 43 42 42 45 52 55 50 47 47 50 56 56 52 50 48 48 47 48 50 53 54 65 65 68 66 62 70 74 61 53 48 43 51 51 52
278 251 216 189 180 170 161 151 141 123 99 80 69 69 108 183 231 176 146 112 77 50 32 31 40 52 61 58 49 44 46 42 42 47 50 46 39 36 37 39 38 35 33 34 37 38 39 38 39 39 41 44 45 44 43 45 46 43 42 42 43 48 52 48 47 47 53 62 64 55 52 51 51 53 57 67 61 57 56 55 58 61 58 73 75 61 51 46 43 51 50 55
295 287 257 258 220 202 166 149 134 114 99 80 69 64 93 139 195 177 152 133 107 72 47 33 34 47 48 52 60 63 75 83 64 58 52 41 36 36 37 39 40 34 34 45 57 55 44 41 41 40 41 45 48 46 43 45 45 42 41 41 42 47 57 48 45 47 53 63 74 60 55 56 56 56 64 77 66 57 53 51 51 53 54 70 65 58 51 46 43 53 53 61
284 294 286 280 223 232 166 135 124 113 96 82 69 64 82 115 150 167 168 141 112 92 62 42 35 36 41 45 53 61 72 80 77 62 52 47 39 39 40 38 36 33 36 42 52 55 44 41 41 43 44 47 47 44 43 44 44 42 42 43 42 48 54 48 44 48 53 65 71 59 54 51 52 56 62 76 79 62 55 50 48 50 53 64 61 56 54 49 44 45 52 64
264 268 269 283 253 249 172 132 118 112 98 84 71 64 69 109 139 157 144 127 107 92 69 59 43 38 42 53 60 56 60 71 75 66 50 42 38 36 35 36 35 34 34 36 37 41 40 40 41 44 45 44 43 44 44 44 45 45 45 45 46 54 55 50 48 50 59 73 71 58 54 50 51 54 62 71 91 68 62 52 49 48 48 54 62 64 64 54 45 43 48 64
273 294 307 312 317 236 184 145 124 109 94 80 71 64 66 102 125 159 148 119 99 65 49 65 46 43 51 66 76 74 66 73 81 60 44 40 38 37 38 40 39 37 36 36 35 39 43 44 43 43 44 47 45 45 45 48 45 45 45 47 51 59 62 53 50 54 71 71 62 55 51 49 50 52 57 67 79 66 61 54 51 48 47 50 58 71 73 58 46 43 46 58
270 286 323 327 272 228 239 178 157 133 103 86 74 65 63 94 128 143 127 97 70 50 55 43 35 35 44 47 53 63 65 63 54 45 42 42 43 43 49 50 48 41 36 35 35 37 45 44 46 44 46 47 46 48 50 51 48 48 51 51 58 64 67 59 53 60 71 61 56 52 48 48 48 50 56 63 69 62 58 54 51 48 47 47 61 86 83 67 52 43 42 53
300 298 313 321 288 294 244 194 181 160 144 121 82 69 64 79 123 127 111 78 53 50 67 39 34 34 34 40 70 61 46 43 41 41 46 50 50 52 57 60 52 43 37 34 34 35 40 44 44 44 48 50 50 53 53 53 52 54 59 59 62 66 67 64 61 68 68 61 54 51 48 48 48 48 48 51 52 55 58 55 52 49 46 46 55 73 75 67 63 49 43 46
290 299 293 278 288 323 265 196 193 196 178 164 111 73 67 72 125 126 114 83 54 70 75 42 37 33 34 34 54 79 41 35 33 33 38 41 46 56 68 63 48 41 38 34 34 34 36 40 40 44 54 54 57 54 57 55 56 57 59 62 64 67 70 72 69 71 66 68 64 54 51 48 48 46 43 45 49 53 58 59 57 53 48 46 48 55 67 63 63 52 43 42
292 275 278 309 304 315 281 218 215 232 204 193 132 79 69 65 89 111 124 111 105 114 84 67 42 35 34 35 39 55 44 33 31 32 36 46 55 71 65 48 40 36 36 32 33 32 36 38 38 41 44 47 53 50 49 52 55 59 60 62 67 71 74 75 74 71 62 64 56 54 51 50 48 51 49 49 52 53 59 63 65 53 48 45 45 55 60 60 57 56 46 40
291 286 296 283 294 338 295 267 246 267 236 213 168 110 73 67 66 81 108 131 130 120 102 86 54 38 37 36 38 43 48 39 31 31 34 42 55 63 55 46 39 35 35 36 33 32 35 38 38 38 40 43 49 48 46 49 51 55 56 58 61 67 69 64 74 66 55 51 49 49 54 54 51 59 53 51 52 53 59 59 65 54 47 45 45 55 54 54 53 51 49 44
299 299 299 290 303 316 331 323 269 309 260 199 178 129 85 69 64 81 106 120 129 111 106 84 55 39 38 36 36 36 42 51 34 31 33 38 46 52 52 49 43 36 39 43 37 35 33 36 37 38 38 41 44 46 46 46 49 54 56 55 56 57 57 60 67 67 55 49 46 49 55 60 55 56 56 53 53 56 56 59 69 61 50 45 45 50 48 55 53 49 50 50
315 298 295 311 327 328 312 265 296 334 280 245 193 155 117 77 65 95 136 137 136 126 99 79 58 53 42 39 36 34 34 54 38 33 33 36 43 47 43 41 38 41 52 52 41 39 38 38 39 41 41 41 42 43 44 47 51 57 66 63 57 56 54 57 61 59 53 50 48 49 54 57 55 49 53 53 56 59 65 73 72 69 60 47 47 46 44 51 50 50 62 51
327 307 300 290 307 304 307 264 265 267 306 316 226 166 113 82 69 81 154 163 148 148 112 93 70 73 55 54 38 36 37 59 43 35 33 33 37 37 38 38 44 55 65 53 46 42 41 40 39 41 41 41 41 41 44 48 52 59 68 68 60 55 53 54 59 56 53 50 48 47 51 54 56 54 54 57 62 65 65 72 71 57 57 52 49 50 41 41 40 47 71 58
315 302 292 293 303 283 273 267 259 282 303 313 264 177 112 82 72 79 137 167 160 183 132 100 76 70 64 70 50 42 49 62 59 36 34 34 33 33 37 40 51 72 83 64 53 46 43 42 41 41 45 41 40 42 47 48 50 53 62 64 60 56 53 57 64 60 54 51 49 49 50 52 55 55 59 59 65 65 61 62 66 51 47 56 53 47 40 38 36 40 68 70
328 314 322 289 286 278 274 264 264 281 293 284 291 207 126 83 71 78 142 176 186 183 136 81 60 59 64 66 69 53 53 84 76 40 36 36 34 33 33 40 60 77 90 71 57 50 48 46 44 46 49 44 40 42 45 48 53 53 54 57 60 56 63 63 66 56 56 53 50 47 50 51 54 54 61 64 62 56 51 56 63 52 43 46 57 46 38 35 34 40 71 78
345 342 364 324 310 296 283 272 290 283 287 300 307 232 152 85 72 67 110 152 182 177 137 72 48 47 50 62 75 44 53 103 74 43 42 47 36 33 32 34 45 67 82 84 71 57 53 50 47 49 45 42 41 43 45 46 50 57 61 60 54 55 68 68 69 58 53 58 53 48 51 54 50 53 60 63 59 52 46 48 64 53 42 40 52 57 43 40 37 41 62 79
390 367 350 322 300 293 297 301 291 273 277 281 274 266 202 94 71 65 81 122 158 151 89 54 48 48 45 49 53 41 60 102 98 51 79 82 43 34 32 32 35 45 62 62 71 62 49 45 44 42 40 39 44 48 50 45 46 51 57 51 50 55 59 57 62 58 55 54 51 50 51 51 49 53 65 65 61 53 44 45 62 52 43 41 49 58 55 58 51 45 58 83
330 317 339 340 323 317 300 289 280 267 277 279 295 290 202 114 75 66 66 83 131 154 95 53 53 52 48 45 44 42 56 72 81 61 81 85 57 39 33 30 30 33 41 45 48 63 51 44 41 40 39 39 45 56 51 44 44 48 53 50 47 51 53 52 56 60 59 55 52 50 47 45 46 49 56 58 64 60 44 43 65 53 44 40 52 67 67 66 60 52 63 90
357 348 321 338 326 311 314 293 276 272 288 309 302 292 211 134 84 67 62 62 97 178 152 77 55 53 51 48 47 54 63 49 55 56 87 98 73 41 34 30 29 29 34 43 51 52 55 48 43 41 39 39 39 44 50 43 44 46 50 50 47 47 48 50 53 56 58 55 54 51 47 42 44 50 51 56 65 60 44 38 62 53 44 40 47 61 60 76 68 63 74 96
422 427 401 379 358 337 305 299 285 284 278 289 302 298 229 153 103 74 65 62 74 171 171 105 56 52 50 48 47 46 53 44 49 53 82 89 66 39 35 31 28 27 27 34 37 47 47 47 47 42 40 39 40 40 43 42 43 44 47 47 45 46 49 51 55 63 61 57 54 51 48 48 53 58 58 58 58 51 40 40 49 52 47 44 48 52 53 67 73 76 88 88
466 413 401 379 329 338 336 320 293 309 323 308 314 322 260 183 127 87 70 64 65 138 190 154 82 54 48 45 47 46 44 49 47 59 63 80 54 40 35 29 26 27 26 28 31 36 36 39 49 47 44 41 40 40 40 41 41 43 44 45 45 46 52 55 55 58 56 55 54 55 54 54 56 59 58 61 53 43 37 37 60 52 44 45 51 58 55 64 83 98 104 84
448 436 394 355 338 343 317 308 310 315 356 333 362 363 289 238 156 105 79 69 66 92 182 185 120 64 53 49 47 46 44 50 45 57 56 70 57 42 36 32 29 27 26 25 30 31 32 33 44 53 49 43 40 40 40 40 40 42 42 43 45 45 48 51 52 55 55 57 58 58 59 60 63 61 58 54 49 42 36 44 58 45 41 46 58 59 57 73 103 134 110 86
400 427 429 386 360 343 339 338 329 330 367 332 317 352 375 275 193 133 104 88 67 67 115 201 160 120 61 52 50 47 46 46 52 65 63 54 59 42 36 33 31 28 26 25 26 28 31 28 31 38 46 43 41 40 42 39 39 41 41 42 42 45 48 51 54 58 58 56 56 56 58 64 65 62 57 50 46 42 40 45 48 39 39 41 59 58 66 86 122 137 112 94
324 389 416 406 387 356 353 347 352 342 350 334 316 315 364 341 234 165 123 94 71 67 81 154 175 171 141 76 80 66 49 47 65 90 81 64 53 42 38 35 32 30 28 28 27 27 27 28 28 31 38 43 43 42 42 40 39 41 41 42 42 45 45 45 49 55 58 58 55 57 57 58 55 55 56 52 45 40 40 43 41 34 34 41 53 57 73 108 129 114 100 94
289 306 359 390 372 349 351 341 345 364 345 333 301 315 368 375 304 218 145 103 79 69 66 77 115 140 172 123 101 106 94 65 76 110 105 80 58 47 41 36 35 34 38 41 34 28 25 25 27 28 32 41 52 52 47 39 39 39 40 41 40 42 44 44 43 46 49 51 57 60 61 59 57 54 52 49 49 47 44 42 38 32 35 41 46 56 80 122 113 88 88 87
267 313 276 276 314 342 349 348 348 340 363 343 301 314 347 357 362 298 221 137 89 70 68 64 68 86 130 163 130 105 96 106 95 89 94 73 54 52 48 39 37 39 63 65 43 32 25 23 24 28 34 44 52 59 58 42 39 38 39 39 40 40 41 41 41 43 46 49 59 64 70 65 63 60 57 55 56 57 53 47 42 36 34 37 41 48 68 105 93 76 80 89
