data/train-rasters-2.5m/bclim13.asc
NCOLS 322 
NROWS 151 
XLLCORNER -122.75 
YLLCORNER 31.9166666666667 
CELLSIZE 0.0416666666666677 
NODATA_value -3.4e+38 
[rows 42 to 83 of 151, columns 190 to 284 of 322]
19 19 19 20 22 23 22 21 20 18 18 17 18 20 22 23 24 26 26 28 27 26 26 26 29 37 46 48 47 47 48 47 46 45 44 44 46 50 50 51 52 49 46 48 48 47 47 46 45 44 45 42 32 35 40 38 41 52 58 64 65 67 68 71 71 69 58 46 41 39 37 31 34 37 38 37 37 37 35 38 34 30 29 30 29 30 31 31 31 31 32 33 31 30 29
20 20 21 23 27 26 24 23 23 19 17 17 18 22 25 26 27 25 25 25 25 24 25 27 32 39 46 50 49 48 48 51 50 46 45 45 46 52 52 53 56 51 45 48 49 48 45 46 46 44 44 43 34 33 32 31 32 37 42 60 64 66 67 70 71 70 64 49 44 42 33 29 37 37 37 37 37 37 37 35 32 29 29 29 29 29 31 32 30 30 32 31 29 29 28
21 22 24 25 24 23 22 24 21 19 17 18 21 26 28 33 29 27 26 23 22 24 25 27 35 39 43 50 49 48 47 47 46 45 46 45 45 50 54 57 53 50 44 48 49 47 38 45 47 42 36 33 33 37 43 45 35 32 44 54 62 65 67 69 71 72 71 58 50 44 34 34 39 38 37 37 37 38 36 34 31 29 30 29 27 29 31 32 29 30 30 30 28 27 27
22 24 28 28 23 22 22 20 19 19 17 19 22 27 30 34 32 31 26 22 22 23 25 27 37 38 41 46 48 48 49 47 47 46 44 45 44 43 44 52 52 45 43 50 50 44 36 38 41 33 33 36 35 44 45 40 31 38 51 50 53 57 66 70 71 71 72 69 62 48 37 33 40 39 38 37 37 36 33 33 31 29 28 27 26 27 30 29 28 28 28 28 28 26 27
20 22 25 26 23 21 20 20 20 21 17 19 24 28 31 35 38 34 26 21 22 23 24 28 37 40 43 48 48 49 49 49 49 48 47 44 42 43 41 53 53 43 45 44 45 36 33 34 35 38 34 38 45 46 45 32 37 46 42 38 35 42 60 65 67 66 68 69 58 36 31 30 36 39 38 36 35 33 31 33 30 28 28 27 26 27 29 27 27 27 27 27 26 26 28
19 20 20 21 21 22 22 24 23 20 17 20 24 28 32 37 36 31 25 20 22 24 25 30 37 39 47 51 50 50 50 51 51 45 45 47 39 44 39 49 48 41 39 36 35 37 37 40 46 41 41 35 45 48 48 38 35 32 32 30 33 43 60 52 54 66 67 63 64 46 36 32 31 39 37 35 33 31 30 31 30 28 27 26 25 25 25 24 25 26 26 27 25 26 28
17 18 18 19 22 22 21 21 20 18 18 20 24 29 32 36 30 26 22 21 21 23 27 36 43 46 48 52 51 50 53 52 51 45 37 39 36 40 36 41 37 34 38 45 39 45 38 46 49 45 42 39 36 43 48 50 45 35 45 43 30 38 40 39 50 58 47 48 64 60 40 32 29 32 31 30 31 30 30 29 28 27 25 26 25 25 24 24 24 24 24 25 24 26 26
15 16 16 17 17 18 20 17 17 18 18 18 22 32 33 30 25 20 22 23 21 23 33 38 41 48 51 51 51 51 52 53 54 52 41 35 37 39 34 33 41 42 46 52 43 45 47 50 49 48 44 46 37 40 44 49 49 47 51 48 32 30 31 38 39 38 35 43 48 57 41 28 28 40 35 30 30 29 29 28 27 26 24 24 24 24 22 23 23 23 23 23 25 25 26
15 15 15 16 21 22 24 18 17 18 19 19 18 22 25 24 21 20 26 23 22 24 32 41 41 43 47 49 50 51 52 53 53 54 46 37 33 33 31 39 49 49 52 51 50 48 51 51 50 49 47 47 44 40 46 47 49 50 51 51 47 39 32 31 30 30 32 32 40 40 31 27 29 41 35 30 31 30 29 28 27 25 23 23 22 22 21 22 22 25 26 25 25 26 27
15 15 16 22 27 27 24 20 18 19 20 19 19 19 21 26 21 21 29 27 30 37 30 29 32 37 41 43 47 49 46 51 50 52 48 36 37 41 38 53 53 51 57 53 53 52 52 52 51 50 49 49 48 41 43 47 48 48 50 50 51 51 46 47 49 46 40 31 30 32 28 32 41 45 37 33 30 31 30 28 27 25 24 23 23 24 24 24 26 28 29 26 26 27 28
18 16 17 21 27 31 24 21 19 19 20 20 20 20 20 23 21 25 30 29 36 42 42 39 35 30 39 39 43 48 42 46 49 49 39 32 40 50 45 57 54 55 57 56 54 53 53 52 51 51 49 49 49 47 47 43 47 48 49 51 50 51 52 53 54 56 53 39 36 35 43 51 53 48 39 34 34 33 31 29 27 25 24 24 23 23 26 27 28 29 30 29 28 28 29
22 20 16 20 25 31 26 22 20 22 23 23 23 23 26 25 24 31 32 32 43 46 44 44 43 30 33 40 46 41 39 44 51 50 40 33 33 45 48 55 54 58 57 57 55 54 53 52 52 51 50 50 49 48 48 45 48 48 48 50 50 50 52 53 54 55 56 58 56 54 53 52 51 49 43 34 34 33 31 29 27 25 24 24 24 24 27 28 29 30 31 32 32 32 30
21 21 17 19 22 28 25 21 21 24 25 25 27 27 30 27 28 35 35 36 46 47 46 46 39 36 28 40 44 38 44 52 54 48 47 39 33 39 47 54 55 60 59 57 56 54 53 53 52 51 51 50 50 49 48 46 47 48 48 48 50 50 52 54 54 55 55 57 59 59 54 50 49 46 46 44 38 33 31 28 27 26 25 25 24 24 26 28 29 31 32 33 32 33 34
20 22 20 16 18 25 24 22 23 25 27 29 31 31 31 28 32 37 37 39 45 45 48 47 46 45 32 36 38 38 44 42 47 53 48 39 32 41 56 59 59 60 59 57 56 54 54 53 52 51 51 50 50 49 48 48 47 47 48 48 49 50 51 53 54 54 55 57 58 58 57 55 54 54 54 52 50 47 37 29 28 26 25 25 25 24 25 29 29 30 32 32 32 32 34
22 24 18 16 17 21 23 22 24 26 29 32 36 35 34 30 32 36 41 46 45 48 49 48 46 41 37 33 32 32 40 42 46 54 44 37 32 43 59 58 63 60 59 58 57 55 54 53 52 51 51 50 50 49 49 48 48 48 48 49 49 49 51 52 53 53 53 55 56 56 56 56 55 54 53 50 47 47 39 31 29 28 26 25 26 25 25 28 30 30 30 31 32 32 30
24 24 18 18 20 21 25 24 24 27 30 34 38 40 37 33 31 34 43 49 51 50 49 49 48 48 47 39 32 40 33 39 45 47 42 36 33 46 57 56 61 58 57 59 58 55 55 53 51 51 50 51 50 50 49 49 49 48 48 50 50 50 50 52 52 53 52 53 54 54 54 54 54 53 52 49 46 41 34 32 30 29 27 26 26 27 26 26 27 30 30 31 32 30 29
25 21 18 17 22 24 26 25 25 27 30 33 37 41 38 34 32 32 35 41 46 51 50 49 49 47 43 42 36 47 44 32 35 35 36 31 42 48 50 56 60 57 55 59 58 56 55 54 52 51 51 50 51 50 50 49 49 48 49 51 51 50 50 51 52 52 52 53 53 54 55 54 53 53 51 49 46 40 36 34 32 30 29 28 27 27 27 27 27 29 31 31 31 30 30
27 20 16 16 20 25 28 27 25 27 29 33 36 39 38 35 33 32 32 34 36 42 46 49 49 47 49 48 44 42 45 45 45 40 39 39 41 45 48 56 59 56 55 57 58 56 55 55 57 54 52 51 51 51 50 50 50 49 49 51 51 50 51 51 52 53 54 54 55 54 55 55 53 52 50 48 45 40 38 36 35 34 31 29 27 27 28 28 28 29 30 32 32 30 31
26 21 17 15 19 22 26 28 26 27 29 34 36 39 37 34 34 31 32 32 33 35 40 49 51 51 50 48 43 47 47 47 47 45 43 47 48 48 52 57 59 57 54 56 60 58 57 56 57 57 56 53 52 53 50 50 50 50 50 50 51 51 51 52 52 53 54 55 56 55 55 55 54 52 50 46 43 41 39 38 37 36 34 32 29 29 29 29 29 29 30 31 31 30 31
28 22 17 15 17 20 26 30 28 27 29 33 37 36 36 37 35 32 34 32 33 34 41 49 53 52 50 48 49 50 49 49 49 43 46 50 52 52 53 55 57 57 54 58 61 60 58 57 57 58 59 55 55 53 51 51 51 51 51 51 52 52 52 53 53 53 54 55 57 57 57 56 55 54 50 47 46 44 42 41 39 37 36 33 30 30 30 31 30 30 31 31 30 31 31
30 21 18 16 16 20 26 34 33 29 29 30 33 35 40 43 37 32 32 32 33 34 36 42 50 52 51 52 52 51 50 50 47 45 49 53 53 54 55 54 54 53 54 61 61 59 58 58 59 60 60 57 56 55 52 51 52 52 53 53 53 53 54 54 55 55 56 56 58 58 57 57 56 54 51 50 49 47 45 43 40 39 38 34 31 31 30 32 32 31 31 30 30 30 31
28 22 18 15 16 20 27 37 36 31 29 30 32 35 41 47 39 33 32 33 34 34 35 38 43 48 53 56 55 52 51 49 48 49 52 53 53 53 54 53 53 53 55 62 59 58 57 58 59 62 60 57 56 55 54 52 53 54 55 55 55 55 56 56 56 57 58 59 61 61 61 60 58 56 54 54 54 52 47 45 43 41 39 35 33 31 31 32 32 32 31 31 31 31 32
24 21 17 15 16 19 24 33 35 31 30 31 32 35 42 52 42 36 34 34 34 35 36 37 39 42 52 57 54 51 49 49 50 51 52 53 54 54 55 54 53 53 53 57 58 58 56 56 59 61 58 57 56 55 54 54 54 56 56 57 57 56 57 58 59 59 61 63 64 63 65 64 63 64 61 60 59 57 51 48 45 43 41 37 35 33 33 33 32 32 32 33 32 31 31
24 20 18 15 16 18 22 31 34 32 31 31 33 38 44 51 45 40 36 35 34 35 36 37 39 41 51 52 50 49 49 49 51 54 54 54 54 56 56 56 54 52 52 53 59 59 56 56 58 63 60 60 58 56 55 56 56 56 57 58 59 58 59 60 63 63 63 66 67 66 69 69 68 68 68 65 64 59 55 53 49 46 44 41 39 35 34 33 33 32 32 33 34 33 32
24 21 18 15 15 16 20 27 34 33 32 32 33 37 41 46 51 49 41 37 36 37 36 38 40 41 46 50 49 49 50 50 51 53 55 56 56 56 57 57 55 53 52 52 55 60 57 55 58 60 62 60 57 56 56 56 55 56 57 60 61 61 61 62 64 65 67 69 68 70 75 77 74 73 75 70 65 61 58 58 53 49 46 44 42 38 36 35 35 34 33 33 34 34 33
25 23 20 17 15 16 19 23 28 33 34 35 35 35 37 41 52 48 43 39 37 39 37 39 45 45 44 50 49 51 52 52 53 55 59 59 58 57 57 55 56 56 54 53 53 61 57 55 56 59 64 60 58 57 55 54 55 58 58 61 63 63 63 65 68 70 70 72 71 72 74 83 78 77 77 78 76 68 65 67 61 55 51 47 44 40 38 36 36 35 34 33 33 34 34
27 27 23 20 17 16 18 21 26 33 37 39 37 36 36 38 44 50 42 39 38 37 38 41 47 50 46 46 49 53 55 55 57 60 59 58 58 56 56 56 56 58 57 56 55 57 54 53 55 58 62 60 58 56 54 54 56 60 61 63 66 65 67 69 69 69 71 78 77 74 75 76 77 80 84 100 95 79 67 65 65 63 56 50 46 45 42 40 38 36 35 34 34 34 34
28 30 29 24 22 16 18 21 25 32 39 37 34 34 34 36 41 48 40 38 37 37 39 42 47 54 49 47 48 53 58 59 58 58 58 58 58 57 57 56 57 61 59 58 55 53 54 53 54 57 59 58 56 54 54 53 55 62 62 64 68 69 70 70 72 72 73 76 77 75 75 76 76 79 83 94 94 78 67 63 64 62 57 52 49 48 46 43 41 38 37 35 35 34 34
29 34 36 29 23 17 17 20 25 32 40 34 32 32 33 34 38 46 41 38 37 38 40 42 46 53 50 48 47 49 52 59 58 57 58 59 59 59 58 57 57 60 61 58 55 55 55 54 56 59 60 58 55 53 54 54 55 58 60 65 70 74 75 74 75 75 75 74 75 75 75 75 76 77 74 75 79 79 67 64 63 60 58 55 51 49 47 44 43 41 39 37 35 35 34
29 34 33 28 22 18 17 20 24 31 37 33 31 31 31 32 35 41 40 38 38 40 42 44 46 50 49 49 47 48 52 58 55 56 57 58 59 59 58 59 59 63 61 60 57 55 55 56 56 62 61 57 54 53 53 53 54 56 60 66 71 74 78 79 78 77 75 75 74 74 76 74 74 76 76 74 72 75 68 66 63 60 60 56 54 52 48 46 44 43 40 39 37 36 35
28 30 28 25 20 17 16 19 23 27 34 35 31 30 30 31 33 38 37 39 41 45 47 47 48 48 47 46 47 47 53 55 55 55 57 57 58 61 61 59 60 63 63 63 60 57 55 55 54 56 56 55 55 54 54 54 55 57 60 67 73 75 81 81 79 78 76 76 74 74 76 76 76 76 75 74 72 70 69 67 65 62 60 58 55 53 50 48 46 44 42 41 39 37 36
26 28 27 24 19 17 17 19 22 26 32 36 32 30 29 30 31 34 36 40 45 52 55 59 53 49 47 45 44 47 48 52 55 57 60 58 58 60 60 59 60 61 63 64 63 60 59 59 58 54 54 56 57 57 58 57 57 58 60 66 72 76 77 80 81 79 76 76 75 75 77 78 78 78 76 74 73 71 71 70 67 65 63 61 58 55 52 51 49 47 45 43 40 39 38
25 26 23 20 17 17 17 19 22 25 30 39 33 29 28 29 31 33 38 42 46 55 66 63 55 51 47 44 43 46 50 52 55 58 60 59 57 58 59 60 60 62 65 65 65 62 63 64 61 56 55 56 60 62 63 61 59 59 60 64 71 76 76 78 81 81 79 77 74 74 78 79 78 79 76 74 74 73 73 73 72 69 65 63 60 58 55 53 51 48 47 45 43 41 39
23 26 22 18 17 16 17 19 23 27 30 36 35 29 28 28 30 32 35 43 48 56 68 62 53 49 46 44 43 48 53 56 57 57 59 58 58 59 61 61 61 62 65 66 68 66 67 65 62 59 57 56 58 61 67 66 63 61 61 62 66 71 72 76 79 79 77 77 73 74 79 79 79 79 75 74 76 75 74 73 73 72 69 65 63 61 58 55 52 50 49 48 45 43 41
22 26 24 17 15 17 17 19 21 26 29 36 32 29 27 28 29 31 34 40 49 53 62 59 52 49 45 42 43 51 55 55 53 53 56 56 61 61 62 64 64 64 65 68 71 70 71 67 63 61 59 58 58 59 63 67 67 63 60 61 62 64 69 73 76 78 77 74 68 75 80 78 78 76 74 76 79 79 77 76 74 74 74 71 67 64 62 60 55 53 51 50 48 45 43
21 23 20 16 15 16 17 18 20 23 28 37 35 29 27 27 28 30 33 41 54 61 60 56 52 47 45 42 43 46 47 51 54 54 56 60 64 67 65 66 68 66 67 69 73 76 73 69 65 63 62 60 60 59 60 63 66 64 62 61 61 62 64 65 69 74 71 63 67 74 77 78 76 75 73 77 77 79 80 82 78 77 76 75 73 67 64 61 58 55 53 52 50 47 46
21 20 18 16 16 16 16 17 19 21 24 31 35 33 29 26 27 29 33 39 49 57 59 57 51 46 43 41 40 42 49 56 60 57 58 63 69 70 69 67 69 69 68 72 74 73 72 68 65 64 64 63 61 61 61 61 63 64 64 63 61 60 61 62 65 64 63 62 71 64 73 73 74 76 73 75 76 79 80 83 79 78 78 77 75 71 66 64 60 57 56 54 52 50 48
21 19 18 17 16 15 16 17 18 20 22 27 28 31 34 26 26 29 32 38 46 49 60 60 59 52 46 42 39 40 48 56 62 60 59 62 63 65 68 70 69 67 68 73 76 73 70 68 68 67 65 64 63 62 62 62 62 64 64 62 62 61 59 59 61 62 62 73 62 60 62 64 68 71 74 76 77 79 81 83 82 81 81 79 77 74 69 66 63 60 58 57 58 55 51
22 21 21 18 16 16 16 17 18 19 21 23 24 29 32 29 25 28 31 34 38 48 54 64 57 52 46 43 38 41 47 55 63 62 59 58 61 64 68 67 64 66 69 74 75 77 74 70 68 68 67 66 64 65 68 66 65 64 67 67 67 67 65 64 64 62 55 59 60 58 58 57 61 62 73 75 77 78 80 83 84 84 84 82 79 77 73 70 66 63 61 59 59 57 58
24 24 27 19 17 16 16 16 17 18 20 21 22 24 25 25 25 27 30 34 38 43 53 61 56 52 46 42 39 38 44 51 58 63 59 57 59 61 62 61 63 69 71 73 74 76 74 73 70 68 67 67 66 68 71 71 68 68 70 72 75 74 73 73 75 65 56 55 59 56 55 55 55 62 72 74 75 78 80 84 86 86 88 83 80 78 76 73 70 67 65 63 61 59 63
25 25 23 20 18 17 16 16 17 17 18 19 21 22 23 23 25 27 30 33 36 41 52 63 58 52 46 42 39 38 42 48 55 63 62 60 57 58 58 60 64 68 72 73 75 74 72 75 75 73 69 68 68 70 73 73 71 71 71 73 75 79 80 84 84 67 56 53 55 55 54 63 64 56 62 70 72 76 79 82 87 87 88 85 82 79 77 76 74 70 68 66 65 63 62
25 25 25 22 20 18 17 17 17 17 18 19 20 21 22 23 25 27 29 32 36 40 45 54 57 48 44 41 39 37 40 45 49 57 61 62 60 58 59 64 66 69 72 73 73 70 69 73 75 74 72 71 71 72 75 75 75 74 75 74 76 79 82 90 90 80 62 55 53 54 53 57 56 56 64 66 71 78 80 82 84 86 87 84 83 82 79 77 76 73 71 69 67 66 66
