data/train-rasters-2.5m/bclim1.asc
NCOLS 322 
NROWS 151 
XLLCORNER -122.75 
YLLCORNER 31.9166666666667 
CELLSIZE 0.0416666666666677 
NODATA_value -3.4e+38 
[rows 21 to 41 of 151, columns 141 to 187 of 322]
11.7053337097168 11.1723337173462 10.7561664581299 10.666166305542 10.474666595459 10.3073329925537 10.2758331298828 10.4941663742065 10.3261671066284 9.83783340454102 9.73316669464111 9.194167137146 8.46166706085205 8.23183345794678 8.7616662979126 9.29850006103516 8.8343334197998 8.53833293914795 9.45699977874756 10.8199996948242 11.6578330993652 11.893500328064 12.0173330307007 12.1241664886475 12.1960000991821 12.0816669464111 11.9029998779297 11.5898332595825 11.4366664886475 11.2321662902832 11.7631664276123 12.2096662521362 12.6599998474121 13.1018333435059 13.2671670913696 12.1498336791992 10.236499786377 10.183500289917 11.2959995269775 12.1233329772949 13.8374996185303 14.7875003814697 14.3991670608521 14.3531665802002 13.8661670684814 13.2791662216187 13.0059995651245
12.1538333892822 10.7116670608521 10.397500038147 10.0495004653931 10.5848331451416 10.2775001525879 10.3248338699341 10.1471672058105 9.89216709136963 9.66149997711182 9.3241662979126 8.88533306121826 8.36716651916504 7.97049999237061 8.02983283996582 8.40783309936523 8.28683280944824 8.82833290100098 9.05599975585938 9.89616680145264 11.3264999389648 11.7624998092651 12.0369997024536 12.1344995498657 12.1293334960938 11.9466667175293 11.7896671295166 12 11.8454999923706 11.3211669921875 11.3383331298828 11.6556663513184 12.4844999313354 13.2638330459595 13.6169996261597 13.3016662597656 12.2934999465942 11.1949996948242 11.8439998626709 12.1240005493164 13.6548328399658 14.7154998779297 15.1313333511353 14.5994997024536 13.8518333435059 12.9390001296997 12.8223333358765
12.9879999160767 12.4116668701172 11.8184995651245 11.1016664505005 11.3850002288818 11.5286664962769 11.1136665344238 10.5451669692993 10.0031671524048 9.71049976348877 9.49199962615967 8.79183387756348 8.20616626739502 7.81300020217896 7.8401665687561 7.93966674804688 8.35083293914795 9.57583332061768 9.90166664123535 10.9956665039062 11.5423336029053 11.933500289917 12.0590000152588 12.1680002212524 11.8380002975464 11.9875001907349 11.8903331756592 12.0266666412354 11.8826665878296 11.367166519165 11.0103330612183 10.9483337402344 12.4596662521362 13.3916664123535 13.8699998855591 13.7543334960938 12.7480001449585 12.2321662902832 12.5321664810181 12.9375 13.2700004577637 14.4899997711182 15.2533330917358 15.3144998550415 14.6376667022705 14.1861667633057 12.8106670379639
13.688666343689 13.4148330688477 12.9541664123535 12.1406669616699 12.2334995269775 12.2556667327881 12.0068330764771 11.5528335571289 10.8938331604004 10.5341663360596 10.3916664123535 9.95816612243652 9.13916683197021 8.80416679382324 9.28416633605957 8.5131664276123 9.1899995803833 10.8801670074463 11.8438329696655 12.4721670150757 12.5021667480469 11.8754997253418 11.7214994430542 12.1151666641235 11.4184999465942 11.9263334274292 12.1975002288818 12.1753330230713 12.0401668548584 11.5373334884644 11.3483333587646 11.0043334960938 12.3143329620361 13.4554996490479 14.0588331222534 14.0148334503174 12.9526662826538 13.1646671295166 13.3983335494995 13.5319995880127 13.7915000915527 14.2510004043579 15.0906667709351 15.4045000076294 15.5166664123535 14.764666557312 12.247166633606
13.8413333892822 13.7386665344238 13.4093332290649 13.0034999847412 12.7841663360596 12.7621669769287 12.7233333587646 12.1073331832886 11.3923330307007 10.8176670074463 10.7696666717529 10.9233331680298 10.853666305542 10.7755002975464 10.6101665496826 9.9593334197998 10.0391664505005 11.6741666793823 12.7270002365112 13.0509996414185 12.7141666412354 11.9773330688477 11.2709999084473 11.8813333511353 11.8773336410522 11.7346668243408 12.1343336105347 12.0896663665771 12.0004997253418 11.7749996185303 11.3513336181641 10.6423330307007 11.4779996871948 12.948166847229 13.9663333892822 14.1645002365112 13.7631664276123 13.929666519165 13.4678335189819 13.747166633606 14.1226663589478 14.065333366394 14.4308338165283 14.4261665344238 16.1326656341553 15.7111663818359 13.1145000457764
13.5830001831055 13.6254997253418 13.7465000152588 13.5443334579468 13.5635004043579 13.3336668014526 12.7784996032715 12.1575002670288 11.1193332672119 10.0089998245239 10.1458330154419 11.1166667938232 11.5026664733887 11.7136669158936 11.3493328094482 10.9061670303345 11.4409999847412 12.4338331222534 13.013500213623 13.2641668319702 13.1079998016357 12.4385004043579 11.8061666488647 11.9899997711182 12.231499671936 12.1061668395996 12.1668329238892 11.8489999771118 11.6108331680298 11.1018333435059 10.2803335189819 10.3966665267944 10.8894996643066 12.0593328475952 13.702166557312 14.061333656311 14.3478336334229 14.7915000915527 14.1501665115356 14.4173336029053 14.3918333053589 12.7849998474121 14.0223331451416 15.1311664581299 16.4811668395996 16.5248336791992 14.2309999465942
13.7371664047241 13.6323337554932 13.8716669082642 13.8273334503174 13.8843336105347 13.3853330612183 12.753833770752 12.1708335876465 11.3210000991821 10.2814998626709 10.1641664505005 11.0761671066284 11.8188333511353 12.0786666870117 11.793833732605 11.3881664276123 11.9976663589478 12.5796661376953 13.0723333358765 13.3773336410522 13.4523334503174 12.9906663894653 12.3958330154419 12.2843332290649 12.3518333435059 12.2738332748413 12.0641670227051 11.3893337249756 11.1466665267944 11.3511667251587 10.7558336257935 10.9375 12.3961668014526 12.7431669235229 13.3508329391479 13.8581666946411 13.9764995574951 15.2585000991821 15.4863328933716 15.5533332824707 14.9496669769287 12.1736669540405 13.2688331604004 15.4270000457764 16.4941673278809 16.8360004425049 15.835000038147
13.6376667022705 13.3791666030884 13.9418334960938 14.2385005950928 13.9664993286133 13.3883333206177 12.9945001602173 12.743332862854 12.356499671936 11.4195003509521 11.0853338241577 11.501166343689 12.1023330688477 12.2378330230713 11.8396663665771 10.9221668243408 11.7068328857422 12.5061664581299 13.1146669387817 13.4184999465942 13.5643329620361 13.3206663131714 13.0100002288818 12.6218328475952 12.4388332366943 12.1138334274292 11.9180002212524 11.5460004806519 11.6708335876465 12.3146667480469 12.2283334732056 11.7038335800171 13.3229999542236 14.1140003204346 13.2656669616699 13.5349998474121 14.4466667175293 15.3796672821045 15.639666557312 15.6161670684814 15.324333190918 12.4079999923706 12.0069999694824 15.2051668167114 16.7576675415039 17.2613334655762 17.1003341674805
13.1498336791992 13.033332824707 14.0476665496826 14.6050004959106 14.3131666183472 13.8028335571289 13.3441667556763 12.5550003051758 12.5061664581299 12.3986663818359 12.1925001144409 11.9916667938232 12.4750003814697 11.367166519165 11.1228332519531 10.9449996948242 12.1593332290649 12.3846664428711 13.0643329620361 13.3881673812866 13.5010004043579 13.4646663665771 13.4899997711182 13.1528329849243 12.9045000076294 12.0480003356934 11.695333480835 12.1166667938232 13.0908336639404 14.0256662368774 13.3675003051758 12.3788328170776 13.5428333282471 14.775333404541 14.5089998245239 13.1715002059937 14.6354999542236 15.5675001144409 15.5579996109009 15.4996671676636 15.2958335876465 12.253999710083 11.2534999847412 14.9619998931885 16.820333480835 17.4284992218018 17.470666885376
12.918999671936 13.8353328704834 14.5738334655762 14.9580001831055 14.510666847229 13.96399974823 13.9315004348755 13.425666809082 12.3768329620361 11.7604999542236 12.010666847229 13.0821666717529 12.8540000915527 11.018500328064 10.8854999542236 10.8343334197998 12.1540002822876 12.9578332901001 12.6344995498657 13.1984996795654 13.5926666259766 13.5880002975464 13.5076665878296 14.0968332290649 13.3883333206177 12.3754997253418 11.8970003128052 12.4828338623047 13.8368339538574 14.9018335342407 14.6195001602173 12.4548330307007 13.5501670837402 14.9250001907349 15.2340002059937 13.9196662902832 13.3943338394165 15.1079998016357 15.3444995880127 15.5046663284302 15.4650001525879 13.054666519165 11.3024997711182 14.6816663742065 16.6030006408691 17.4483337402344 17.7226676940918
14.7279996871948 15.1878337860107 15.4523334503174 14.672833442688 13.6110000610352 13.5539999008179 14.4670000076294 14.4286670684814 13.6381664276123 12.8281669616699 13.7211666107178 14.2028331756592 13.2598333358765 12.5468330383301 12.7703332901001 12.1783332824707 12.6653327941895 13.1498327255249 13.456000328064 14.2876663208008 14.7445001602173 14.3264999389648 14.5588331222534 14.8451662063599 13.9995002746582 12.0988330841064 11.8298330307007 12.4460000991821 13.716667175293 15.1458330154419 15.2930002212524 12.8699998855591 13.8583335876465 15.0298328399658 15.3636665344238 14.426833152771 13.2591667175293 13.5686664581299 13.3853330612183 14.0821666717529 14.9506664276123 13.4041662216187 10.9503335952759 14.2104997634888 16.2094993591309 17.2749996185303 17.8535003662109
15.5745000839233 15.9671669006348 16.1865005493164 14.9995002746582 13.1068334579468 13.7551670074463 15.0590000152588 15.131667137146 14.6099996566772 13.8298330307007 14.6003332138062 15.1134996414185 14.3121662139893 13.7961664199829 14.0471668243408 13.7691669464111 12.9996671676636 13.0858335494995 13.8553333282471 14.7945003509521 15.2338333129883 15.445333480835 15.4954996109009 15.4278335571289 14.7781667709351 13.4698333740234 13.0496664047241 12.1803331375122 12.7628335952759 15.0301666259766 15.5908336639404 12.7329998016357 13.6949996948242 14.9663333892822 15.4525003433228 14.2950000762939 12.4476661682129 12.3266668319702 12.4803333282471 13.1161670684814 14.0708332061768 12.8546667098999 10.316499710083 13.4704999923706 15.7496662139893 17.1961669921875 17.9018325805664
15.7604999542236 16.2103328704834 16.5375003814697 16.5418338775635 15.6773338317871 14.451000213623 15.8331661224365 15.8786668777466 15.5018339157104 14.7525005340576 14.9726667404175 15.5935001373291 15.2788333892822 15.0496664047241 14.9653329849243 14.7034997940063 14.0716667175293 13.6018333435059 14.0194997787476 14.6223335266113 15.4291667938232 15.6164999008179 15.4753332138062 15.3859996795654 14.8441667556763 14.289999961853 13.5651664733887 12.3673334121704 12.8361663818359 15.1908330917358 15.8056669235229 13.3004999160767 13.9138336181641 15.0015001296997 15.5538330078125 15.0625 13.5521669387817 13.4393329620361 11.8323335647583 12.3183336257935 12.8079996109009 11.639666557312 9.76516628265381 13.1173334121704 15.621000289917 17.029333114624 17.9126663208008
15.5973339080811 16.1725006103516 16.7053337097168 16.9851665496826 17.0364990234375 16.3274993896484 16.5856666564941 16.5938339233398 16.2859992980957 15.7343330383301 15.7501668930054 16.0564994812012 15.841833114624 15.5561666488647 15.4021663665771 14.8444995880127 13.3126668930054 13.356333732605 13.921667098999 14.7620000839233 15.4846668243408 15.5179996490479 15.2358331680298 14.4241666793823 13.5201663970947 13.4440002441406 13.4343338012695 13.1730003356934 14.2148332595825 15.7611665725708 15.9021663665771 14.8818330764771 14.2213335037231 14.9770002365112 15.5130004882812 15.1263332366943 14.5584993362427 14.3466663360596 12.7256669998169 11.8568334579468 11.4258327484131 10.3258333206177 10.3479995727539 13.3920001983643 15.4438333511353 16.8776664733887 17.9606666564941
14.8406667709351 15.6295003890991 16.5244998931885 17.2103328704834 17.3603324890137 17.3353328704834 17.0674991607666 16.9343338012695 16.7283325195312 16.673999786377 16.6318340301514 16.5625 16.3026676177979 15.4061660766602 14.9983329772949 14.9340000152588 14.5036668777466 14.7481670379639 14.7813329696655 14.9856672286987 15.011833190918 14.9075002670288 14.5954999923706 13.8888330459595 13.3791666030884 13.5641670227051 13.1833333969116 14.1808338165283 15.4733333587646 15.9771661758423 16.0583343505859 13.6529998779297 14.2563333511353 15.3233337402344 15.3819999694824 14.7445001602173 13.9158334732056 14.0288333892822 12.77649974823 10.8343334197998 9.35649967193604 8.75066661834717 10.6056671142578 13.3531665802002 15.0973329544067 16.6663341522217 18.0034999847412
14.2863330841064 14.9726667404175 16.3168334960938 17.2569999694824 17.4858341217041 17.5756664276123 17.6065006256104 17.4710006713867 17.2296657562256 17.2100009918213 17.1138343811035 16.9956665039062 16.7481670379639 16.1758327484131 15.8660001754761 15.6389999389648 15.2798328399658 15.0735006332397 14.9468336105347 14.7238330841064 14.1040000915527 13.8605003356934 13.4206666946411 12.8579998016357 13.0643329620361 13.7145004272461 14.2986660003662 15.2014999389648 15.8533334732056 16.0011672973633 15.6033334732056 13.9305000305176 15.3486661911011 15.83899974823 15.1555004119873 13.8253335952759 13.6466665267944 13.7281665802002 11.8555002212524 9.02566623687744 6.50016689300537 7.94883346557617 10.3690004348755 12.599666595459 14.418833732605 16.320333480835 17.8786659240723
18.0391654968262 16.09983253479 16.3083324432373 17.1016674041748 17.3939990997314 17.3231678009033 17.7308330535889 17.7509994506836 17.6801662445068 17.5405006408691 17.4111671447754 17.3384990692139 16.9218330383301 16.4286670684814 15.9246664047241 15.4514999389648 14.6828336715698 14.4648332595825 15.0693330764771 15.2928333282471 15.0321664810181 14.183500289917 12.791166305542 12.7758331298828 13.1240005493164 13.833833694458 14.8718328475952 15.606333732605 16.0163326263428 16.0628337860107 15.6140003204346 15.0826663970947 15.9876661300659 16.2828330993652 15.7209997177124 13.7056665420532 13.6070003509521 12.7655000686646 10.5986671447754 7.44750022888184 6.01200008392334 7.7553334236145 9.72333335876465 12.0716667175293 14.7261667251587 16.6865005493164 17.1376667022705
21.3651657104492 18.9808330535889 16.9928340911865 16.6494998931885 17.011999130249 17.2668342590332 17.9015007019043 17.8955001831055 17.7905006408691 17.7235012054443 17.6563339233398 17.5674991607666 17.175666809082 16.9225006103516 16.8605003356934 16.4266662597656 15.4246664047241 14.8576669692993 15.1346664428711 15.676833152771 15.6079998016357 14.9028329849243 14.4028329849243 14.5024995803833 14.5978336334229 14.5725002288818 15.0986661911011 15.8480005264282 16.1276664733887 16.0799999237061 15.9099998474121 16.0359992980957 16.2749996185303 16.3111667633057 15.7729997634888 14.4545001983643 13.8141670227051 12.0874996185303 8.85150051116943 6.88183307647705 7.67600011825562 8.875 9.81066703796387 11.6520004272461 14.4633331298828 16.7623329162598 17.4530010223389
22.9578323364258 21.0389995574951 17.9583339691162 15.5640001296997 15.416166305542 16.2928333282471 17.8503322601318 17.8751659393311 17.8018341064453 17.8530006408691 17.8321666717529 17.6998329162598 17.4034996032715 17.1776657104492 17.2665004730225 17.1943340301514 16.8848323822021 16.7046661376953 16.5216674804688 15.7283334732056 14.7586660385132 14.1909999847412 14.349666595459 14.6611661911011 14.908166885376 15.1805000305176 15.3645000457764 15.518500328064 15.5818338394165 15.7483339309692 15.9210004806519 16.2436676025391 16.3425006866455 16.2496662139893 15.743332862854 15.3383331298828 14.1693334579468 11.7696666717529 8.25383377075195 8.27799987792969 10.2926664352417 10.636833190918 10.7033338546753 11.4113330841064 13.5576667785645 16.9061660766602 17.9896659851074
23.2118339538574 21.0319995880127 17.7604999542236 15.9168329238892 14.2658338546753 14.3711671829224 17.0645008087158 17.742166519165 17.7153339385986 17.8443336486816 17.8856658935547 17.7841663360596 17.4048328399658 17.2543334960938 17.1900005340576 17.1861667633057 17.2508335113525 17.4554996490479 17.2943325042725 15.4068336486816 13.3918333053589 12.3908338546753 12.9108333587646 13.4869995117188 13.8529996871948 14.190333366394 14.3436670303345 14.2340002059937 14.1619997024536 14.6453332901001 15.1686668395996 15.8120002746582 16.1730003356934 16.2679996490479 16.2173328399658 16.0345001220703 15.2141666412354 13.0488328933716 9.89133358001709 10.703332901001 12.3556671142578 11.9633331298828 11.1304998397827 11.9963331222534 14.8699998855591 17.3303337097168 17.9466667175293
23.5065002441406 21.6323337554932 18.6323337554932 16.3425006866455 14.4468336105347 13.5241670608521 15.3776664733887 17.644832611084 17.6691665649414 17.6963329315186 17.8139991760254 17.9198341369629 17.6176662445068 17.2514991760254 17.1706657409668 17.2019996643066 17.3306674957275 17.5340003967285 17.1396675109863 15.4708337783813 13.0216665267944 10.5781669616699 11.0183334350586 11.3520002365112 12.0018329620361 12.2574996948242 12.8023328781128 12.8471670150757 13.1721668243408 13.3301668167114 13.6113338470459 14.4323329925537 15.220666885376 15.8030004501343 16.382999420166 16.6161670684814 16.2253341674805 14.7116670608521 12.4631662368774 13.3246669769287 13.4254999160767 12.1683330535889 11.5511665344238 13.7006664276123 16.0616664886475 17.6016674041748 18.4268341064453
