data/train-rasters-2.5m/bclim17.asc
NCOLS 322 
NROWS 151 
XLLCORNER -122.75 
YLLCORNER 31.9166666666667 
CELLSIZE 0.0416666666666677 
NODATA_value -3.4e+38 
[rows 46 to 91 of 151, columns 96 to 191 of 322]
14 23 29 33 28 22 29 35 25 34 37 41 45 38 45 48 26 18 16 18 20 25 28 25 23 24 24 21 17 16 21 11 9 9 8 12 15 19 22 35 37 26 11 8 5 5 5 7 16 15 15 16 13 11 11 11 11 11 12 16 15 13 15 14 15 16 17 17 21 27 34 48 65 82 64 56 43 33 29 25 25 18 16 15 15 15 14 12 12 13 14 16 16 17 17 17
14 18 18 26 24 19 21 24 25 22 27 34 37 33 39 43 26 19 17 18 20 26 31 28 30 25 23 20 17 21 24 13 9 8 8 9 12 22 28 38 39 27 12 8 5 5 5 6 17 18 16 16 15 13 12 11 11 11 12 15 16 13 14 14 15 17 16 17 20 26 31 38 55 69 74 61 45 38 38 35 27 21 16 14 14 14 13 12 12 12 15 15 13 13 15 16
13 13 16 26 28 24 21 21 21 22 34 39 37 33 33 38 36 22 17 17 20 22 26 28 33 29 24 22 18 21 26 13 9 8 8 8 9 16 29 44 37 21 13 8 5 5 5 5 13 19 20 16 16 16 13 11 11 11 11 15 16 15 14 14 15 15 17 16 18 20 23 31 40 41 56 49 50 44 37 32 25 20 16 14 14 13 13 12 12 13 15 12 12 12 12 13
11 14 15 17 22 23 19 18 18 22 33 35 36 36 36 35 34 22 17 17 20 21 23 24 27 27 25 23 20 22 30 20 10 8 8 8 8 13 30 41 40 24 14 8 5 5 5 5 8 16 24 21 17 18 16 12 12 12 11 12 16 16 15 14 15 15 16 17 16 17 20 23 26 32 39 43 40 40 26 22 20 18 16 14 14 13 13 13 12 12 13 12 10 11 11 10
15 18 18 23 25 23 20 20 23 23 27 32 34 37 34 30 37 26 17 17 20 20 20 20 20 23 25 24 22 25 34 21 11 8 8 8 8 12 24 36 39 24 13 8 7 5 5 5 7 16 24 23 17 17 16 15 16 12 11 11 15 14 18 16 14 14 16 16 16 17 18 19 22 26 33 33 33 40 26 22 23 17 15 14 12 12 11 12 12 12 12 11 10 10 10 11
11 14 15 21 28 20 18 20 33 33 29 35 31 29 27 32 36 25 17 14 16 17 19 17 17 21 22 24 25 25 29 23 11 8 8 8 8 9 21 32 40 26 16 9 6 5 5 5 5 13 17 21 16 15 13 15 16 13 11 11 16 12 14 18 16 15 15 16 16 16 17 17 18 20 24 25 29 33 30 20 20 17 16 14 13 12 12 11 11 11 12 12 14 13 10 10
11 12 16 23 20 17 17 23 37 35 33 35 31 27 24 26 31 30 19 14 13 15 16 15 15 17 21 21 24 24 23 21 14 8 8 8 8 10 23 30 33 27 17 11 8 5 5 5 9 20 19 18 16 14 12 12 14 13 11 10 12 11 12 18 22 14 15 14 15 16 17 16 17 19 21 23 26 30 30 21 18 16 16 15 14 13 12 13 12 12 12 12 15 16 11 10
14 17 19 21 18 15 16 20 26 37 30 26 24 23 24 26 29 31 22 13 13 16 17 12 10 13 17 20 24 25 22 21 14 9 8 8 8 11 23 28 24 18 15 12 9 5 5 5 5 9 15 16 15 16 15 12 12 11 11 9 11 11 11 15 22 16 14 14 14 15 15 16 17 17 19 21 31 39 35 24 20 16 16 15 14 13 13 15 15 16 15 14 15 14 14 13
11 14 17 19 19 18 16 21 28 39 36 32 27 24 24 30 31 31 27 18 13 16 16 10 8 8 10 13 21 23 22 21 17 10 9 8 7 9 20 23 16 14 10 10 9 7 5 5 5 5 8 9 9 10 12 14 12 10 10 9 9 11 11 12 19 16 15 15 14 15 15 15 15 16 17 20 25 38 38 26 21 18 18 16 15 15 14 15 19 16 13 12 12 13 13 14
9 11 14 19 23 18 15 19 28 30 33 27 27 22 24 30 31 28 24 17 11 10 10 9 8 8 8 11 17 21 22 18 13 9 9 9 7 7 17 20 17 17 12 13 10 8 7 5 5 5 5 5 8 9 11 14 13 9 9 9 9 9 10 11 15 14 15 16 15 15 15 15 15 15 17 21 24 31 26 23 25 21 19 17 16 16 15 16 20 15 11 11 12 12 12 14
9 10 14 19 24 21 16 15 23 33 30 27 24 22 23 28 27 26 22 16 10 9 9 7 7 7 8 8 13 14 17 18 12 9 8 9 12 7 9 12 15 15 12 13 10 8 7 8 9 6 5 5 5 8 11 12 15 9 8 8 9 9 10 13 13 13 15 16 17 17 17 15 14 14 14 16 19 26 23 20 23 21 17 16 16 16 15 16 16 12 10 11 12 12 14 15
10 12 15 19 22 18 14 16 20 28 27 26 24 19 23 21 23 26 21 18 11 7 7 6 6 6 6 7 9 11 14 13 9 9 8 9 14 10 8 10 12 11 10 9 9 8 9 12 12 9 8 5 5 5 7 9 12 9 9 9 8 9 10 11 11 12 15 22 20 20 19 17 14 14 14 13 16 21 23 19 17 16 15 15 15 15 16 16 12 11 11 12 13 14 15 15
10 12 14 19 19 17 16 13 16 20 21 26 22 17 19 17 19 24 20 14 9 7 6 6 5 5 5 5 7 10 11 9 8 9 8 9 10 13 8 8 9 9 9 9 9 10 10 12 11 9 9 6 5 5 5 6 7 8 9 9 8 8 11 11 11 13 20 28 27 20 17 15 15 14 13 13 15 17 22 19 15 15 15 15 15 16 15 12 11 12 12 13 16 16 16 12
10 11 12 15 19 16 15 13 13 17 16 19 18 14 12 13 16 23 23 14 9 7 6 5 5 5 5 5 5 8 8 8 7 8 8 7 9 16 10 7 8 9 9 10 13 10 9 10 9 8 9 9 5 5 5 5 5 7 7 7 7 7 9 10 11 13 19 29 33 22 17 17 17 15 13 13 13 16 23 19 14 13 15 16 16 16 16 12 12 12 12 13 17 17 16 12
10 11 13 17 19 16 12 10 13 13 11 11 12 12 17 22 18 20 22 15 11 7 6 5 5 4 5 5 5 5 7 7 7 7 7 7 7 11 11 7 10 14 11 10 12 10 10 10 9 10 12 9 5 5 5 5 5 5 5 5 5 7 7 7 10 11 13 18 18 17 16 18 19 20 17 13 13 13 19 21 14 13 14 16 17 21 20 16 14 12 12 16 21 20 16 12
10 12 14 18 16 14 10 12 11 11 12 10 13 16 21 25 23 20 16 16 11 7 6 5 5 4 5 5 5 5 6 7 7 7 7 7 10 15 14 10 7 10 14 14 18 13 11 12 11 10 9 6 6 5 5 5 5 5 5 5 5 6 7 7 7 10 11 11 13 13 15 15 17 19 20 16 14 15 18 18 13 13 15 20 22 29 24 18 17 15 14 15 17 20 17 13
8 11 15 16 13 11 10 14 15 16 17 13 11 18 22 22 21 18 15 11 8 7 6 5 5 5 5 5 6 6 5 6 7 7 7 8 13 14 12 8 8 9 11 13 16 15 14 12 10 9 9 9 9 9 7 7 6 6 5 5 5 6 7 7 7 9 10 11 14 14 15 15 15 17 19 20 22 19 16 13 13 13 16 23 25 35 31 21 20 17 16 16 17 18 18 12
10 12 12 11 12 12 14 15 16 18 20 14 12 14 19 19 15 11 10 9 7 7 7 5 5 7 7 7 7 8 5 5 6 7 8 8 9 9 8 8 7 8 9 10 13 13 13 11 10 10 10 10 12 13 12 12 17 15 12 7 5 5 5 7 7 9 11 13 15 15 15 15 15 17 21 26 28 19 15 13 13 14 16 21 24 34 30 24 22 21 17 16 17 17 17 12
11 9 12 12 15 12 15 19 21 22 23 18 14 14 19 15 12 10 9 8 7 8 7 7 7 7 7 7 6 5 5 6 5 7 7 7 8 8 8 8 9 10 10 13 17 17 17 15 14 12 13 14 17 17 18 20 24 26 25 13 7 5 5 7 9 11 12 15 16 16 16 16 16 18 24 39 33 20 15 13 13 14 14 18 21 28 26 25 21 19 18 17 17 17 14 13
8 10 16 18 15 13 17 21 26 26 20 20 17 15 18 15 11 10 8 8 8 12 8 7 7 10 7 7 7 7 6 6 7 7 7 7 9 11 8 8 12 11 11 12 14 15 14 13 15 17 17 16 16 16 15 16 18 21 24 17 8 5 5 7 7 11 14 17 18 20 18 17 18 18 20 24 26 24 19 15 13 13 13 15 17 21 25 26 21 18 18 17 17 16 13 12
9 9 13 18 15 13 14 16 23 23 23 20 15 18 17 15 11 10 8 8 8 10 10 7 6 7 7 7 10 10 7 7 7 7 8 8 11 13 13 13 14 12 12 12 13 13 13 13 13 13 14 21 19 16 14 14 14 14 15 12 7 5 5 7 7 11 12 18 18 18 20 18 18 18 19 21 27 27 25 18 13 13 13 14 17 21 25 25 21 17 17 16 17 16 13 12
8 9 11 12 13 12 12 14 16 18 20 20 14 14 14 12 11 7 6 6 6 6 5 5 5 5 7 7 7 7 7 9 7 8 9 11 14 13 12 13 15 14 14 12 12 14 14 13 13 12 13 14 14 14 13 13 13 11 10 8 6 5 5 5 7 11 14 14 14 17 20 20 18 19 20 21 24 27 25 17 14 14 14 15 18 22 26 22 20 17 16 14 14 14 14 12
6 8 10 11 11 12 14 13 12 14 16 16 13 14 13 10 9 7 6 6 4 4 4 5 5 8 8 8 7 5 5 7 7 9 12 11 14 13 11 11 12 13 14 13 11 13 16 17 14 12 11 10 10 10 10 10 10 10 9 7 5 5 5 5 5 7 9 11 12 14 18 22 20 21 21 22 26 28 22 17 14 15 17 19 23 27 26 22 21 17 14 14 14 14 14 14
6 6 7 8 9 11 11 10 11 12 14 16 14 11 10 7 7 6 5 5 4 4 5 6 8 8 7 7 5 5 5 6 7 9 12 12 12 12 11 11 11 11 12 13 13 14 14 14 12 11 10 10 11 11 10 9 9 8 8 7 7 5 5 5 5 7 7 8 11 14 18 22 22 22 23 27 27 27 20 18 17 18 20 23 26 25 25 25 22 18 14 14 14 13 14 17
6 6 7 8 10 12 12 12 12 14 14 15 15 11 11 10 8 5 5 4 4 6 6 6 7 6 6 6 6 5 5 6 7 8 9 10 9 12 10 10 11 11 11 13 14 14 16 13 11 10 10 11 15 8 6 6 8 8 8 8 12 11 8 5 5 6 7 7 8 12 15 19 20 22 26 30 29 24 22 22 23 30 35 30 25 23 23 23 20 19 14 13 14 14 16 19
5 8 13 11 9 11 13 14 13 14 15 15 16 14 11 9 6 5 5 5 6 6 6 6 6 5 5 5 6 7 5 7 7 7 9 9 9 9 9 10 10 11 12 13 13 15 16 14 13 10 9 8 8 6 6 6 6 8 8 10 12 8 7 5 5 6 7 7 8 11 14 18 19 23 26 26 26 23 23 26 32 35 35 30 24 23 22 21 20 21 14 13 13 14 16 19
8 10 13 13 11 11 13 14 13 13 14 15 15 14 10 7 6 5 5 4 4 5 5 5 5 5 5 5 5 6 7 7 7 7 7 8 9 9 9 9 12 11 13 14 13 14 14 13 13 11 8 8 8 6 6 6 5 5 8 12 9 6 5 5 5 5 6 7 8 11 13 15 19 24 22 21 20 19 22 29 34 32 30 27 25 23 21 21 19 20 14 13 12 13 14 16
9 10 11 11 12 12 12 13 13 13 13 15 15 11 8 7 6 6 5 4 4 4 5 5 5 5 5 5 5 5 6 6 6 6 7 7 9 9 9 9 12 12 13 13 12 10 9 8 9 10 9 10 9 8 8 6 5 5 5 6 7 5 6 6 6 5 6 7 9 13 14 17 19 19 17 15 15 19 23 32 31 31 27 26 24 22 21 19 19 18 14 12 12 12 14 15
7 9 11 11 12 12 12 13 13 13 13 12 11 8 7 7 6 5 5 5 4 4 4 4 4 4 5 5 5 5 5 5 5 5 5 7 7 7 7 9 12 12 14 14 9 6 6 6 6 8 9 12 12 10 8 7 7 6 5 5 6 6 5 5 5 5 5 6 8 14 14 19 21 15 13 13 15 19 27 33 31 31 26 24 22 21 20 19 18 18 14 13 13 13 14 15
6 6 10 13 15 16 19 16 13 12 11 11 10 8 7 7 6 5 5 5 4 4 4 4 4 4 5 5 5 5 5 5 5 5 5 6 6 7 7 9 11 14 14 14 9 6 6 6 6 6 7 8 8 8 8 6 6 7 7 5 5 5 5 5 5 5 6 7 7 8 13 14 15 13 11 12 14 21 28 29 28 27 22 22 24 20 19 19 17 18 15 14 13 13 13 14
6 7 9 10 12 14 20 16 13 11 10 10 9 8 7 6 5 5 5 4 4 4 4 4 4 4 4 4 4 5 5 5 5 5 6 6 6 7 7 8 9 10 11 10 12 13 9 6 5 6 6 7 7 7 6 6 7 7 7 5 5 5 5 5 5 6 6 6 7 8 10 10 10 9 9 12 17 24 27 28 23 20 20 20 20 20 17 16 15 16 15 15 13 13 13 14
7 7 9 13 12 12 12 12 11 10 9 9 8 7 6 6 5 5 5 5 4 4 4 4 4 4 4 4 4 5 6 6 6 6 6 6 6 7 7 7 9 9 9 9 11 14 12 6 6 6 6 6 6 6 6 8 9 8 7 7 5 5 6 7 7 7 8 7 7 7 8 8 8 8 10 14 23 30 21 23 19 18 18 16 16 16 16 16 16 15 14 13 13 13 12 13
7 10 12 13 11 9 9 9 9 9 9 8 8 7 6 6 5 5 5 4 4 4 4 4 4 5 5 5 6 6 6 6 6 6 6 6 6 7 7 7 8 9 9 7 6 7 10 7 6 6 6 6 7 7 8 10 11 10 8 7 6 5 8 8 10 8 8 10 8 7 7 8 10 10 11 15 27 28 18 16 16 16 15 15 15 15 16 16 15 14 14 13 13 12 10 10
7 9 9 8 9 9 9 8 8 8 8 7 7 7 6 6 6 5 5 4 3 4 4 4 5 5 5 5 5 6 6 6 6 6 6 6 6 7 7 7 7 9 7 8 6 7 6 6 6 6 7 6 7 7 8 11 14 14 13 8 7 5 9 10 10 9 11 8 7 7 8 10 11 11 14 18 27 24 16 15 15 13 13 13 13 13 14 14 14 14 13 13 13 13 10 10
7 7 7 7 7 8 8 8 8 8 8 7 7 7 6 6 6 5 5 4 4 4 4 5 5 5 5 5 5 6 6 6 6 6 6 6 7 7 8 8 8 9 9 8 8 8 8 6 6 7 7 7 7 8 8 8 12 18 13 7 5 5 5 7 9 10 10 9 7 7 8 11 15 17 17 22 29 19 15 13 12 11 11 11 11 11 12 13 15 15 13 13 14 14 13 10
6 6 7 7 7 8 8 8 8 8 8 7 7 7 6 6 6 5 5 4 4 4 5 5 5 5 5 6 6 5 6 6 6 6 6 6 7 7 8 8 8 10 10 12 12 12 11 10 11 10 7 7 7 7 7 7 8 10 10 8 6 5 5 6 7 10 10 8 7 8 10 22 30 32 26 22 19 15 12 11 10 10 9 10 10 11 12 13 14 13 12 12 13 13 13 13
6 6 6 7 7 8 7 7 7 8 8 7 7 7 6 6 5 6 5 4 4 5 6 6 6 6 6 6 6 6 5 6 6 6 6 7 7 8 8 9 10 10 11 13 14 16 17 18 19 14 10 8 8 7 7 7 7 8 10 10 7 5 5 6 8 10 11 12 10 11 13 17 27 28 22 19 16 12 11 12 15 13 9 9 9 10 13 15 15 13 12 10 12 13 13 13
6 7 7 7 7 8 8 7 7 7 7 6 6 6 6 5 6 6 6 5 5 5 6 6 6 6 6 7 9 8 7 7 7 7 7 8 7 9 10 12 11 11 11 14 16 17 19 18 18 18 18 18 16 11 10 8 7 7 7 7 7 6 6 7 8 8 8 9 10 11 11 14 16 16 16 16 12 11 14 16 16 11 9 8 9 10 15 18 16 13 11 10 11 13 13 13
6 6 6 8 9 8 7 8 8 7 7 7 6 6 6 6 6 6 6 6 6 6 6 6 6 6 6 6 7 8 7 7 7 7 7 10 10 11 12 15 16 15 15 18 18 19 25 21 20 22 22 22 21 20 17 13 10 7 7 8 9 8 7 7 7 7 7 7 8 8 11 11 11 11 12 12 11 9 9 10 9 9 8 9 10 12 15 16 14 13 10 10 13 13 13 12
6 6 6 6 6 7 7 8 8 8 8 7 7 6 6 6 6 6 5 6 6 6 6 6 6 6 6 6 6 7 6 7 7 7 8 12 11 11 12 15 16 14 15 19 22 20 20 23 20 21 24 23 21 20 20 18 14 7 7 8 10 10 7 6 5 5 5 7 7 7 7 8 9 8 8 9 9 8 8 8 8 8 9 9 12 14 16 15 13 12 10 10 12 13 13 11
6 6 6 6 6 6 7 7 7 8 8 8 8 7 7 6 6 6 6 6 6 7 6 6 7 7 7 7 7 6 6 7 7 7 9 10 9 11 13 14 19 18 13 16 16 18 20 18 18 20 19 18 19 17 14 20 13 10 10 10 11 10 7 4 4 4 4 4 4 4 5 5 7 8 6 6 7 8 7 7 7 7 9 10 15 16 16 14 13 10 10 9 11 13 10 10
6 6 6 6 6 6 6 6 7 8 9 9 9 8 8 6 6 6 7 7 7 7 7 7 7 7 7 7 7 7 7 8 8 8 8 9 10 11 14 13 15 19 14 12 14 16 17 16 18 19 17 16 15 13 13 14 16 17 19 17 13 10 7 5 4 4 4 4 4 4 4 4 4 5 6 6 5 6 6 6 6 7 9 12 21 21 17 14 13 10 10 9 10 10 10 10
6 6 6 6 6 6 6 6 6 6 7 7 9 9 9 9 8 8 8 8 8 8 8 8 8 8 9 9 9 9 9 9 9 9 9 9 11 11 11 15 17 17 14 12 13 14 15 17 18 17 16 16 17 14 14 14 14 16 16 19 17 13 11 7 6 4 4 3 3 4 4 4 4 4 5 5 5 6 6 6 8 7 8 10 14 17 19 15 12 10 9 9 9 9 9 9
5 6 6 3 6 6 6 6 6 6 6 7 8 8 8 9 10 9 10 8 8 8 9 9 9 9 9 10 10 10 11 11 11 10 10 10 11 12 12 14 18 15 13 14 14 14 17 16 16 17 17 15 16 16 13 12 10 12 12 12 14 16 14 12 8 6 6 7 4 4 4 4 4 4 5 5 5 6 6 6 9 7 7 9 14 18 14 15 10 9 8 9 9 9 9 9
4 6 3 3 4 4 6 6 6 6 6 7 7 8 9 9 11 10 11 12 11 11 11 12 13 12 12 12 11 11 11 11 11 11 11 11 12 12 15 15 15 14 15 14 14 14 15 15 16 15 16 16 16 14 17 16 10 10 16 12 10 10 13 12 10 6 6 4 4 4 4 4 4 4 4 5 5 5 6 6 6 6 7 8 10 14 13 10 9 7 8 9 9 10 9 9
4 3 3 4 4 4 6 6 6 7 8 9 9 11 11 11 15 16 13 18 21 19 17 19 22 24 19 15 14 13 13 12 12 12 12 12 13 17 18 19 21 19 19 18 18 18 18 19 17 16 17 16 17 14 16 14 11 10 11 13 10 7 6 10 10 11 6 6 7 5 8 8 5 4 4 5 5 5 6 6 6 6 6 7 9 13 10 9 7 7 7 9 10 11 13 10
