data/train-rasters-2.5m/bclim16.asc
NCOLS 322 
NROWS 151 
XLLCORNER -122.75 
YLLCORNER 31.9166666666667 
CELLSIZE 0.0416666666666677 
NODATA_value -3.4e+38 
[rows 80 to 119 of 151, columns 180 to 269 of 322]
52 52 54 56 61 62 54 57 62 61 54 51 52 48 45 45 46 47 50 54 56 59 63 70 77 70 65 69 74 80 87 108 123 146 129 117 103 97 87 93 105 124 146 142 134 132 140 149 161 159 152 157 165 178 183 187 180 171 166 165 164 162 158 159 169 163 160 159 166 166 168 168 164 162 163 158 142 153 157 153 154 153 160 161 194 201 199 201 206 213
48 50 54 58 63 58 54 54 57 58 56 57 62 51 48 47 46 47 50 51 55 56 58 62 64 63 63 68 74 80 87 97 120 139 127 118 104 95 88 87 99 114 132 146 134 130 134 140 143 140 147 164 171 175 180 185 181 177 170 164 163 164 163 167 175 176 168 168 172 179 186 185 182 182 186 166 143 143 153 147 145 146 147 161 189 197 199 201 206 215
47 50 56 65 69 59 53 52 53 55 57 57 55 51 49 48 46 46 49 50 53 55 56 58 60 62 65 67 73 78 84 94 118 144 132 116 104 95 88 87 94 107 124 144 143 136 129 130 132 138 149 160 172 175 180 179 174 183 182 176 167 165 167 172 179 179 176 176 176 180 188 197 199 209 208 169 144 137 142 143 142 165 169 148 165 187 197 197 205 212
47 51 64 73 69 58 53 50 53 55 57 56 59 53 52 50 48 47 48 49 52 54 55 57 58 62 63 66 71 76 83 91 101 123 128 108 99 93 88 87 91 100 109 129 138 141 136 130 134 147 153 163 171 174 176 166 165 176 181 179 175 173 173 177 185 185 186 185 185 183 188 197 205 224 224 200 158 142 137 139 137 148 146 148 169 179 192 201 207 210
50 56 64 69 63 57 52 51 54 59 57 56 57 58 55 53 55 56 51 51 58 58 57 59 60 63 65 66 69 74 79 86 94 104 114 112 112 104 93 87 87 98 115 122 130 134 135 126 135 140 149 161 167 171 168 163 163 174 175 179 183 178 180 187 189 191 194 194 190 189 190 201 207 222 234 225 178 150 140 137 137 139 137 140 144 166 182 195 204 211
55 61 67 66 63 55 50 50 55 57 56 55 54 56 56 61 61 56 51 51 56 58 59 61 63 65 67 67 69 71 77 83 89 93 99 104 115 117 106 91 84 92 111 121 126 128 115 119 132 132 145 152 155 160 152 142 148 160 170 176 181 185 185 196 210 200 201 201 200 196 194 200 207 218 229 222 198 161 147 138 138 140 135 139 142 167 189 201 213 213
64 70 70 64 60 54 49 49 53 56 53 52 52 53 56 62 60 55 51 49 51 54 60 70 76 75 73 70 69 71 76 81 86 91 96 100 103 109 107 89 85 90 101 107 112 105 102 114 121 133 142 142 146 148 135 132 148 163 168 173 180 180 186 199 211 208 206 204 208 205 201 198 200 212 220 215 211 189 155 146 138 139 142 147 150 173 201 206 210 210
81 87 74 66 58 52 48 48 50 53 50 50 50 53 55 59 67 62 55 50 50 53 58 65 85 96 88 77 71 71 74 78 83 87 96 97 96 94 91 84 82 87 94 94 97 99 108 131 131 134 134 132 121 128 132 136 158 169 180 182 175 175 186 205 214 212 211 211 213 211 205 196 195 203 202 205 205 200 187 175 146 139 146 146 152 177 200 195 206 208
66 75 80 68 56 50 46 47 47 48 49 49 49 51 54 56 57 56 53 50 50 51 55 62 70 86 84 79 74 70 71 75 79 83 90 95 90 87 82 76 81 96 96 91 100 107 115 128 124 126 124 118 112 116 122 136 149 164 172 191 185 171 184 209 221 219 215 222 218 223 215 200 191 202 191 186 184 185 187 189 168 143 143 146 151 174 188 212 217 220
61 76 64 68 52 46 44 44 47 48 48 48 48 49 51 52 52 52 51 50 48 51 55 58 62 66 67 69 72 72 69 73 75 79 84 93 84 82 76 75 87 103 109 101 102 111 117 114 109 115 125 115 104 116 135 149 142 149 157 168 180 169 182 199 214 222 219 228 233 230 219 201 192 197 188 181 177 185 191 201 212 170 145 148 157 179 209 216 212 214
56 64 60 52 46 42 43 46 51 53 51 49 48 48 49 50 50 49 50 50 50 51 51 55 57 59 62 69 67 66 70 74 72 76 82 90 85 84 83 76 88 98 111 118 122 118 115 106 104 114 105 103 120 129 146 152 150 157 159 155 164 167 176 190 208 206 224 234 241 235 219 200 191 180 177 176 172 179 184 198 214 190 158 150 171 175 196 203 191 214
48 60 52 46 44 40 44 48 53 59 65 54 48 48 48 49 50 50 53 54 54 54 52 53 54 56 60 67 67 63 66 67 69 74 82 84 89 92 95 83 75 86 96 107 115 117 118 111 100 93 101 104 126 134 148 148 155 162 168 164 162 164 174 184 187 196 219 236 237 233 225 203 187 182 170 169 169 174 179 189 198 204 182 152 169 173 167 190 210 220
42 57 46 41 39 39 43 50 59 65 64 57 50 49 49 50 51 53 55 56 59 61 59 56 56 53 57 58 63 61 60 62 64 68 71 78 84 84 88 80 75 72 85 94 100 95 100 95 94 92 95 107 118 128 140 142 150 169 180 181 173 168 173 179 172 189 197 217 224 218 207 195 187 179 173 165 168 175 178 183 196 213 226 177 155 158 169 195 214 219
36 42 39 35 35 38 42 52 65 74 65 62 53 50 50 51 54 55 58 70 80 69 63 60 57 56 54 54 55 59 57 57 59 62 66 71 81 82 75 73 73 71 74 76 79 79 83 88 106 115 101 107 118 133 141 135 141 161 188 180 176 177 180 174 164 176 176 199 218 211 196 183 166 172 172 167 163 175 180 188 200 213 226 203 160 158 165 188 199 194
33 33 33 34 35 36 39 48 57 66 68 58 58 49 48 50 52 55 55 59 61 64 60 57 56 55 53 57 56 54 54 54 55 59 62 67 73 77 73 68 66 68 72 75 79 82 90 96 100 110 111 112 119 128 130 133 138 158 183 180 175 183 188 175 161 162 168 189 211 220 209 181 158 155 157 162 159 167 178 183 199 210 205 193 176 159 161 162 171 175
39 33 34 37 34 35 39 44 51 61 68 55 51 49 47 49 50 51 52 53 55 56 55 54 54 53 54 57 60 56 54 56 57 59 57 57 60 67 70 68 71 72 73 75 80 85 90 93 96 106 108 112 117 123 136 145 147 142 164 184 184 200 192 170 156 158 172 196 226 239 218 187 163 151 143 156 164 170 175 189 197 181 166 169 164 156 169 188 179 165
49 41 36 35 33 33 37 41 44 52 57 50 46 47 47 47 48 49 51 51 52 54 54 54 54 53 54 56 57 58 63 68 66 62 62 62 62 62 73 84 90 82 77 77 81 84 87 91 94 99 103 110 114 119 124 129 136 136 137 155 166 182 181 168 160 157 175 195 213 226 225 228 181 142 146 156 168 173 181 200 197 164 159 158 155 155 170 190 201 211
42 52 40 35 33 33 35 38 41 46 52 46 46 45 46 46 47 48 48 49 52 52 52 52 53 53 52 55 55 61 67 65 67 68 67 67 70 73 79 91 93 83 81 82 84 86 88 91 94 99 103 108 111 113 117 121 124 125 127 133 144 157 170 163 167 158 174 187 203 201 224 224 190 137 146 144 161 170 172 187 194 171 160 156 146 157 172 197 205 226
44 46 37 35 35 35 35 37 39 41 44 43 43 44 45 46 47 47 47 48 49 49 51 51 51 51 51 51 53 56 60 64 67 68 73 78 80 80 75 77 80 86 86 90 96 104 108 103 95 96 99 103 106 111 115 116 119 122 122 125 130 133 141 139 143 158 169 165 186 168 178 187 187 139 131 134 148 167 183 187 191 171 181 167 143 146 161 176 197 202
39 42 40 37 37 38 39 41 38 38 39 40 41 45 51 47 47 49 47 46 47 49 50 50 49 50 50 52 54 56 58 61 64 68 75 76 75 72 73 76 80 85 91 106 126 132 114 101 95 97 100 102 103 106 114 114 114 117 117 120 120 119 128 141 160 161 145 144 156 143 146 153 149 134 124 134 153 180 198 185 198 178 166 172 137 141 154 171 180 202
39 46 48 44 41 39 42 44 38 38 38 39 40 43 47 48 47 49 45 45 47 47 48 48 49 49 49 49 52 54 57 59 62 65 69 69 69 72 73 77 82 96 115 121 101 95 92 90 90 90 97 99 100 103 106 109 111 113 113 112 115 123 133 150 163 155 146 136 137 134 134 136 134 126 124 133 151 183 172 169 187 183 163 161 132 139 149 165 176 204
35 39 46 59 55 41 42 41 38 38 38 38 39 42 44 45 45 46 44 45 45 46 48 48 47 46 47 49 51 54 56 59 62 65 65 66 69 72 76 81 91 117 102 91 87 86 86 86 89 90 93 95 98 100 104 108 111 113 111 111 113 117 124 134 145 154 154 139 130 130 125 123 125 121 126 133 141 155 165 166 165 168 183 161 132 132 146 168 185 214
33 34 37 44 49 41 43 45 41 38 38 39 40 42 43 45 43 43 43 44 44 45 46 47 47 47 49 53 54 54 56 59 62 65 65 68 71 75 87 101 93 89 85 83 83 84 84 86 89 89 92 94 97 100 106 111 113 115 114 112 112 112 115 120 129 135 137 135 131 124 115 112 120 126 126 128 134 151 171 153 174 173 175 169 151 135 136 157 185 198
31 31 34 37 43 41 40 48 48 41 41 44 45 48 52 46 43 43 43 42 43 44 45 46 47 48 51 56 56 54 55 58 59 62 65 71 75 82 96 93 83 82 82 82 83 84 87 92 95 93 91 93 98 103 108 113 115 116 118 115 113 108 108 115 118 121 124 127 125 120 114 109 121 118 120 126 125 134 143 139 160 177 166 172 168 152 133 142 172 186
30 31 32 35 44 45 37 37 41 46 41 41 44 49 51 46 42 41 42 41 43 44 45 46 46 49 52 58 56 56 55 58 58 61 65 71 92 90 83 81 81 80 81 84 86 95 112 111 109 96 91 91 97 104 102 104 106 109 107 107 105 103 102 106 109 112 114 116 117 113 108 106 111 109 112 115 118 125 127 128 145 155 156 155 156 152 139 131 158 187
29 29 35 44 48 44 36 39 39 39 40 39 41 43 53 46 43 41 41 40 42 44 44 45 46 49 53 59 60 58 57 56 59 60 63 69 83 84 79 79 80 79 82 86 105 140 133 106 89 90 91 93 93 95 95 95 98 98 98 98 99 96 97 99 101 102 104 103 106 106 102 97 102 102 106 111 111 113 118 127 134 142 148 140 136 129 128 143 177 172
29 29 37 53 50 39 35 38 45 38 38 37 38 40 41 46 44 41 41 40 42 42 43 44 47 49 52 56 62 66 59 57 57 59 62 65 72 79 78 77 77 83 88 95 99 103 100 87 85 91 94 97 95 93 92 91 91 91 91 91 92 91 94 94 93 94 93 93 94 93 94 91 96 98 99 103 106 108 114 121 128 137 144 134 128 119 122 149 175 157
29 29 32 38 36 35 33 35 43 42 39 37 36 38 40 41 42 40 40 40 41 43 47 44 46 48 52 59 66 65 61 60 60 60 60 63 66 72 79 78 76 77 77 78 81 83 81 82 85 91 96 100 99 98 93 89 87 87 87 87 87 87 89 89 88 87 86 84 84 84 83 86 90 94 95 96 100 103 108 114 121 134 137 130 122 115 116 136 151 140
30 29 30 31 32 33 31 33 36 45 39 38 38 37 37 39 40 40 40 41 43 49 52 49 47 50 54 59 65 67 63 63 61 60 61 61 64 69 73 78 78 75 74 74 75 75 76 78 81 85 90 96 100 100 94 90 86 85 84 83 84 82 85 86 83 82 80 78 78 77 76 80 83 86 87 90 94 97 101 104 110 122 145 128 118 111 112 123 127 139
32 32 30 30 30 30 31 32 35 38 39 39 37 37 37 40 40 40 40 42 45 52 50 50 49 50 54 65 68 69 66 65 64 61 61 62 63 65 70 71 71 74 72 72 73 73 75 75 77 83 88 86 86 87 90 90 91 82 81 80 79 81 86 89 91 89 78 76 74 71 73 76 76 78 81 84 87 89 92 95 99 106 137 123 112 106 108 117 124 136
34 32 32 32 31 31 31 31 32 34 35 36 36 36 37 38 39 38 40 41 47 61 53 50 49 52 55 66 77 84 75 72 68 63 63 63 64 65 67 68 68 70 71 72 72 72 73 73 73 75 83 84 80 79 81 80 79 80 78 78 76 80 86 106 115 90 76 74 73 72 72 71 71 74 76 79 85 85 86 88 89 94 108 115 106 100 104 115 121 120
38 35 33 32 32 33 32 32 33 33 35 34 34 37 37 37 38 38 39 42 47 61 56 50 51 55 58 63 74 79 78 75 76 72 64 66 66 65 65 67 68 68 69 70 70 70 71 71 71 71 72 76 79 75 75 74 74 74 75 75 75 77 82 98 123 92 73 72 70 68 68 69 70 70 71 72 76 85 86 82 85 87 92 98 100 102 100 104 112 114
41 38 36 34 34 34 34 34 33 36 38 36 35 36 36 37 37 38 39 42 50 53 56 54 52 55 59 63 67 71 74 75 72 71 70 68 67 67 67 67 68 71 72 75 72 70 70 70 69 69 69 70 73 73 73 72 73 72 73 73 72 75 77 85 103 81 69 69 67 67 65 68 69 70 71 71 71 73 80 81 81 83 86 89 91 96 107 111 119 133
45 45 40 37 38 37 36 35 35 36 35 33 35 35 36 37 38 39 41 45 48 54 51 51 53 56 61 67 69 72 75 75 76 75 71 69 68 68 68 68 70 71 74 80 82 73 70 70 68 68 69 69 70 70 70 70 70 70 70 70 71 72 74 78 81 72 69 67 64 67 66 67 68 68 70 71 71 73 75 76 76 79 82 86 91 97 109 118 121 124
45 45 42 40 37 36 35 35 35 35 34 33 34 35 35 37 38 40 42 45 50 51 51 53 53 56 61 66 72 77 84 83 80 77 75 70 71 71 68 68 68 71 72 75 78 80 76 70 69 67 67 68 75 75 70 72 67 68 69 68 68 70 70 70 69 69 68 67 67 67 66 67 68 68 68 70 72 72 73 74 73 77 81 84 88 92 97 101 104 109
43 41 40 37 38 37 36 36 37 36 35 34 34 35 35 37 39 42 44 45 48 51 54 53 55 58 64 73 88 92 93 89 86 84 78 79 78 73 73 74 71 71 72 72 72 78 82 72 68 68 66 66 71 70 68 67 65 66 66 67 67 69 68 68 68 67 65 65 65 65 64 66 66 68 69 70 71 71 71 71 72 75 78 80 83 86 91 94 99 102
41 40 37 37 37 36 36 35 36 37 37 36 34 35 35 38 40 44 45 48 48 50 55 54 56 58 64 77 94 96 91 87 84 81 79 76 76 73 82 79 71 68 68 69 69 72 73 74 70 68 67 66 66 66 66 65 65 64 64 65 66 65 65 65 65 65 65 66 68 69 67 65 65 67 71 75 80 82 73 72 72 75 78 79 82 86 87 91 94 98
39 37 37 37 35 35 35 35 35 35 37 36 34 35 35 39 46 47 47 48 49 52 55 57 58 61 64 67 73 81 85 84 82 81 77 75 72 71 71 70 66 66 66 66 67 69 71 73 72 70 68 67 65 65 65 64 64 64 64 63 65 65 65 66 68 67 66 66 68 78 86 67 66 68 71 77 77 73 74 73 72 76 78 80 82 85 86 88 91 95
37 38 37 37 37 37 36 36 36 35 35 34 34 34 35 41 47 50 54 49 52 58 61 59 58 64 63 63 64 66 69 76 83 78 75 73 70 68 67 65 64 63 63 65 67 68 70 73 76 72 67 67 67 66 66 66 64 64 63 63 68 69 67 66 67 66 66 67 68 73 91 109 75 66 65 68 71 72 71 71 74 75 78 79 82 85 87 89 91 94
39 40 40 40 40 38 38 38 38 38 37 35 34 34 35 40 43 47 50 49 49 55 57 56 63 61 61 61 60 61 61 64 71 74 73 71 70 67 65 64 62 62 62 62 63 66 66 69 69 69 69 66 64 67 68 69 68 66 65 64 64 64 64 66 68 68 68 69 69 70 72 86 113 76 67 67 69 70 71 71 74 76 77 79 81 85 85 88 91 95
