data/train-rasters-2.5m/bclim10.asc
NCOLS 322 
NROWS 151 
XLLCORNER -122.75 
YLLCORNER 31.9166666666667 
CELLSIZE 0.0416666666666677 
NODATA_value -3.4e+38 
[rows 84 to 104 of 151, columns 141 to 187 of 322]
25.0380001068115 23.5359992980957 24.6786670684814 25.296667098999 24.9646663665771 24.8486671447754 25.021333694458 26.0006656646729 26.4233322143555 27.1719989776611 28.1479988098145 28.9980010986328 30.3380012512207 30.4099998474121 29.9173336029053 29.7333335876465 29.9979991912842 30.3053340911865 30.6599998474121 31.1413326263428 31.3866672515869 31.3513336181641 31.0453338623047 30.8593330383301 30.8666667938232 30.009334564209 30.0380001068115 30.2526664733887 30.2679996490479 29.9619998931885 29.8146667480469 30.517333984375 31.0286655426025 31.1760005950928 31.3700008392334 31.7153339385986 32.2099990844727 32.2866668701172 31.7733345031738 31.2113342285156 30.5086669921875 29.5366668701172 28.8806667327881 29.5779991149902 30.5873336791992 31.3486671447754 31.6840000152588
24.8713321685791 24.8020000457764 23.9720001220703 25.3959999084473 25.2086658477783 24.2600002288818 24.5633335113525 25.8206672668457 26.1599998474121 26.5706672668457 27.0886669158936 28.093334197998 30.0806674957275 30.1693325042725 29.7653331756592 29.1126670837402 29.050666809082 30.3873329162598 31.3226661682129 31.8426666259766 32.1279983520508 32.0766677856445 31.791332244873 31.6233329772949 31.7239990234375 31.8793334960938 31.2106666564941 30.9139995574951 31.4020004272461 31.5446662902832 31.0799999237061 31.0846672058105 31.7346668243408 32.248664855957 32.6459999084473 32.7493324279785 32.6706657409668 32.0993347167969 31.2386665344238 30.4939994812012 29.6946659088135 29.0860004425049 29.17799949646 29.6926670074463 30.7233333587646 31.542667388916 31.7719993591309
25.5626659393311 25.2006664276123 25.8253326416016 25.9926662445068 25.5186672210693 25.8839988708496 26.304666519165 26.3479995727539 27.0993328094482 27.728666305542 27.232666015625 28.3026657104492 28.9919986724854 29.1073341369629 29.0066661834717 28.8933334350586 29.0819988250732 30.4153347015381 31.7413330078125 32.4306678771973 32.71533203125 32.7646675109863 32.8413314819336 32.9426651000977 33.0446662902832 33.1473350524902 33.1533317565918 32.4300003051758 32.007999420166 32.4553337097168 32.8079986572266 32.4893341064453 32.3400001525879 32.7006683349609 33.0613327026367 33.0986671447754 32.7313346862793 31.9406661987305 30.6213340759277 29.2593326568604 28.5879993438721 28.5400009155273 29.2993335723877 30.1053333282471 30.9946670532227 31.7239990234375 31.8666667938232
26.3013324737549 25.986665725708 26.3239994049072 26.042667388916 25.9759998321533 26.4400005340576 26.8586654663086 27.4253330230713 27.9213333129883 28.1959991455078 28.0533332824707 27.6433334350586 27.1886672973633 27.0086669921875 27.3579998016357 28.3839988708496 29.4273338317871 30.2900009155273 31.2786674499512 32.1479988098145 32.7886657714844 33.1360015869141 33.4280014038086 33.5900001525879 33.6293334960938 33.7053337097168 33.8919982910156 33.8800010681152 33.6539993286133 33.2353324890137 33.3733329772949 33.6580009460449 33.6546669006348 33.2113342285156 33.2106666564941 33.0746688842773 32.7000007629395 31.8906669616699 29.9906673431396 27.3426666259766 26.7313327789307 27.9246673583984 29.1259994506836 30.2679996490479 31.1166667938232 31.7013339996338 32.0093307495117
26.5480003356934 26.4266662597656 26.2600002288818 26.1893329620361 26.4260005950928 27.0413341522217 27.2006664276123 27.0773334503174 27.7266674041748 27.8080005645752 27.7726669311523 27.8700008392334 27.4313335418701 27.6380004882812 27.3606662750244 27.7060012817383 28.5380001068115 29.2719993591309 30.541332244873 31.474666595459 32.1766662597656 32.9099998474121 33.4739990234375 33.6853332519531 33.6520004272461 33.6753349304199 33.8779983520508 33.8733329772949 33.7713317871094 33.621997833252 33.6160011291504 33.6373329162598 33.5733337402344 33.4459991455078 33.2519989013672 32.3313331604004 32.3059997558594 31.8146667480469 30.7866668701172 29.0233325958252 27.734001159668 27.3726673126221 28.8093338012695 30.4333343505859 31.3800010681152 31.9086666107178 32.1006660461426
26.2433338165283 25.8866672515869 26.1266670227051 26.6019992828369 26.6006660461426 26.9933338165283 27.5046672821045 27.5139999389648 27.4713325500488 28.025333404541 28.3953323364258 28.6553344726562 28.3813343048096 28.3326663970947 28.5826663970947 28.4980010986328 28.2986660003662 28.296667098999 29.0573329925537 30.2986679077148 31.0960006713867 31.57200050354 31.9333343505859 33.2120018005371 33.5166664123535 33.6199989318848 33.7613334655762 33.7526664733887 33.7446670532227 33.6959991455078 33.6419982910156 33.6199989318848 33.498664855957 33.4933319091797 33.0693321228027 31.4093322753906 32.4946670532227 32.0986671447754 31.3726673126221 29.6233329772949 27.8726654052734 29.0433330535889 29.0033340454102 30.957332611084 31.8813323974609 32.2799987792969 32.474666595459
25.9860000610352 26.0453338623047 26.173999786377 26.4899997711182 26.9020004272461 27.1560001373291 27.3873329162598 27.4120006561279 27.6040000915527 27.4780006408691 27.7059993743896 28.8706665039062 28.8013343811035 27.2733325958252 28.2833347320557 28.8833332061768 29.07200050354 28.3680000305176 28.6746673583984 29.5653343200684 30.6639995574951 31.5386657714844 31.8833332061768 32.5466651916504 33.0880012512207 33.2259979248047 33.2286682128906 33.5813331604004 33.7713317871094 33.7700004577637 33.6459999084473 33.5499992370605 33.5820007324219 33.6433334350586 33.6013336181641 33.1746673583984 32.9759979248047 32.6533317565918 32.0326652526855 30.5366668701172 29.4053325653076 29.8799991607666 30.9540004730225 32.023998260498 32.5340003967285 32.6306686401367 32.656665802002
25.2186660766602 25.3606662750244 25.5599994659424 26.0033321380615 26.5739994049072 27.0046672821045 27.2600002288818 27.2693328857422 27.6000003814697 27.5386657714844 27.826000213623 28.5946674346924 28.8533325195312 28.4053325653076 28.0793342590332 28.5919990539551 29.4200000762939 29.5726680755615 28.8719997406006 29.457332611084 29.3913326263428 30.7666664123535 31.0686664581299 31.1586666107178 32.0513343811035 31.3853321075439 31.4153327941895 32.9526672363281 33.5613327026367 33.7539978027344 33.2779998779297 33.1619987487793 33.5340003967285 33.6933326721191 33.740665435791 33.6199989318848 33.3873329162598 33.0786666870117 32.6133346557617 31.57200050354 29.9633331298828 30.9046669006348 31.9433326721191 32.422664642334 32.7680015563965 32.765998840332 32.5459976196289
22.8193340301514 22.6100006103516 24.068000793457 25.0200004577637 25.6366672515869 26.2700004577637 26.6653327941895 26.7386665344238 26.6453342437744 27.1126670837402 27.681999206543 28.2200012207031 28.5526676177979 28.6639995574951 28.7086658477783 29.1406669616699 29.6473331451416 30.0326671600342 29.0873336791992 28.9186668395996 28.550666809082 28.8146667480469 29.4500007629395 28.7353324890137 29.8833332061768 30.0726661682129 30.53733253479 32.2353324890137 33.1373329162598 33.397331237793 33.03466796875 32.9080009460449 33.3919982910156 33.6413345336914 33.7099990844727 33.6720008850098 33.492000579834 33.1266670227051 33.0386657714844 32.4700012207031 30.5400009155273 31.6606674194336 32.647331237793 32.9613342285156 33.0739974975586 32.9006652832031 32.3213348388672
18.1140003204346 19.7113342285156 21.3326663970947 21.445333480835 23.0033340454102 23.4419994354248 24.257999420166 24.7819995880127 25.2153339385986 26.25 27.1593322753906 27.5200004577637 27.9206657409668 28.4153327941895 28.6586666107178 29.1426658630371 29.7073345184326 30.0359992980957 29.699333190918 28.9686660766602 29.291332244873 29.2573337554932 30.0013332366943 30.054666519165 29.2853317260742 29.3026657104492 29.4806671142578 31.3966674804688 32.5060005187988 32.9206657409668 32.860668182373 32.6113357543945 32.941333770752 33.3139991760254 33.5606651306152 33.6360015869141 33.4353332519531 32.9673347473145 33.3226661682129 33.2360000610352 32.476001739502 32.8380012512207 33.3139991760254 33.3979988098145 33.4013328552246 33.1780014038086 32.1126670837402
17.0499992370605 17.7446670532227 18.4593334197998 18.8146667480469 19.9446659088135 21.5 22.1686668395996 23.2013339996338 24.0206661224365 25.3806667327881 26.5566673278809 27.0873336791992 27.507999420166 28.0126667022705 28.3439998626709 28.7253341674805 29.2653331756592 29.6679992675781 30.0193328857422 29.7993335723877 30.0480003356934 30.4986667633057 30.9193344116211 31.1706676483154 30.6713333129883 29.1866664886475 29.767333984375 30.6506671905518 31.2859992980957 31.941333770752 32.257999420166 32.0993347167969 32.1240005493164 32.7393341064453 33.2866668701172 33.5766677856445 33.5740013122559 33.1800003051758 33.2553329467773 33.5213317871094 33.4786682128906 33.4106674194336 33.3326683044434 33.3813323974609 33.5740013122559 33.4626655578613 32.5719985961914
16.4659996032715 16.5206661224365 16.4513339996338 16.6399993896484 17.804666519165 20.1593341827393 21.6106662750244 23.0013332366943 24.1059989929199 25.1066665649414 26.2106666564941 26.6266670227051 27.0526657104492 27.6093330383301 28.1700000762939 28.5419998168945 29.0453338623047 29.5073337554932 30.0179996490479 30.3466663360596 30.3946666717529 30.7193336486816 31.0913333892822 31.5499992370605 31.7639999389648 31.1633338928223 30.7940006256104 30.4446659088135 29.1313323974609 30.5533332824707 31.3313331604004 31.3206672668457 30.564001083374 31.6280002593994 32.71533203125 33.3479995727539 33.5913314819336 33.3753318786621 32.9186668395996 32.751335144043 33.3326644897461 33.3639984130859 33.256664276123 33.242000579834 33.5 33.5153350830078 33.1606674194336
16.8526668548584 15.6973333358765 15.4219999313354 15.4866666793823 16.5113334655762 19.0633335113525 21.5540008544922 23.2413330078125 24.2873344421387 24.826000213623 25.6453342437744 26.318000793457 26.9806671142578 27.6866664886475 28.3920001983643 28.8226661682129 29.1000003814697 29.4860000610352 29.8386669158936 30.2700004577637 30.5233345031738 30.7606678009033 31.0346660614014 31.3660011291504 31.6866664886475 32.0139999389648 32.1226654052734 31.7960014343262 30.8966674804688 30.0713329315186 30.8153343200684 30.8846664428711 30.0919990539551 30.3146667480469 31.8759994506836 32.9580001831055 33.3993339538574 33.3313331604004 32.914665222168 31.5973339080811 32.2900009155273 33.085334777832 33.3706665039062 33.3186683654785 33.4119987487793 33.5686645507812 33.4466667175293
14.8606672286987 15.043999671936 15.8800001144409 16.1459999084473 17.2199993133545 19.3786659240723 21.9253330230713 23.3579998016357 24.1826667785645 24.8439998626709 25.3186664581299 26.2019996643066 26.9326667785645 27.6380004882812 28.1793327331543 28.5200004577637 28.4933338165283 28.9006652832031 29.1873321533203 29.8033332824707 30.2346668243408 30.4366664886475 30.7940006256104 31.2666664123535 31.6586666107178 31.945333480835 32.0866661071777 32.1806678771973 32.1113319396973 31.9893341064453 31.2259998321533 31.0973320007324 30.6199989318848 30.4853324890137 31.173999786377 32.4020004272461 33.0139999389648 33.2106666564941 33.0299987792969 32.3533325195312 30.9173336029053 32.5366668701172 33.3400001525879 33.542667388916 33.4619979858398 33.5559997558594 33.5900001525879
13.5060005187988 13.2399997711182 15.1773328781128 17.3460006713867 20.1193332672119 21.6653327941895 23.3473339080811 24.8346672058105 25.6153335571289 25.4220008850098 25.5646667480469 25.7959995269775 25.6879997253418 26.4679985046387 26.6959991455078 26.6040000915527 26.4326667785645 27.1893329620361 26.6886672973633 27.7433319091797 29.2493343353271 29.1860008239746 30.1293334960938 30.9313335418701 31.5160007476807 31.8053340911865 31.8020000457764 31.8393325805664 31.8439998626709 31.7259998321533 31.5373344421387 31.0626678466797 30.7493343353271 30.6186656951904 31.2313327789307 31.9213333129883 32.5406646728516 32.974666595459 33.0019989013672 32.1080017089844 31.7346668243408 32.8819999694824 33.4259986877441 33.533332824707 33.4153327941895 33.4093322753906 33.4366683959961
16.5046672821045 16.4713344573975 18.5133323669434 20.8519992828369 22.7053337097168 24.1313343048096 25.6586666107178 26.5006675720215 26.6060009002686 25.7600002288818 24.9939994812012 24.314001083374 24.2900009155273 24.6153316497803 25.6706657409668 25.4899997711182 25.3533325195312 24.9633331298828 24.0620002746582 25.5599994659424 27.808666229248 27.4446678161621 28.1106662750244 29.966667175293 30.0880012512207 30.8926658630371 31.1280002593994 30.6726665496826 30.1813335418701 30.7840003967285 30.8186664581299 31.0773334503174 31.2806663513184 30.9366664886475 30.5653324127197 30.0513343811035 31.2706680297852 32.4786682128906 32.8966674804688 32.4959983825684 32.1399993896484 32.5900001525879 32.9513320922852 33.1293334960938 33.1780014038086 32.9473342895508 32.8586654663086
20.3773326873779 19.7646675109863 20.1706657409668 21.3133335113525 24.1233329772949 25.8453330993652 27.1380004882812 27.5100002288818 27.4440002441406 26.1066665649414 26.2273330688477 24.9020004272461 23.8993339538574 23.5799999237061 23.796667098999 24.3153324127197 24.9686660766602 24.8280010223389 24.7180004119873 25.2639999389648 26.5240001678467 27.0019989013672 27.7679996490479 28.7813339233398 28.9913330078125 29.7906665802002 30.3099994659424 30.7413349151611 30.5433330535889 31.2520008087158 31.0500011444092 31.1560001373291 31.9753341674805 31.7339992523193 30.033332824707 28.6253318786621 29.5673332214355 31.7333335876465 32.7726669311523 32.4960021972656 31.610668182373 31.4213333129883 31.8666667938232 32.3499984741211 32.689998626709 32.6046676635742 32.5593338012695
23.8113327026367 23.716667175293 23.3273334503174 23.2473335266113 24.5100002288818 26.7506656646729 28.3320007324219 29.1240005493164 29.2626667022705 28.4860000610352 27.8139991760254 26.8993339538574 26.0633335113525 24.9200000762939 24.041332244873 23.9153327941895 24.5226669311523 24.5500011444092 24.8233337402344 25.3626670837402 26.5446662902832 27.4253330230713 28.3346672058105 29.058666229248 29.17799949646 28.8859996795654 29.9119987487793 31.1793327331543 31.7893333435059 32.1433334350586 32.5006675720215 32.8066673278809 32.8680000305176 32.4853324890137 31.8526668548584 31.041332244873 29.8239994049072 31.6106662750244 32.7740020751953 33.0126686096191 32.5626678466797 31.6986675262451 30.1453342437744 30.3579998016357 32.1533317565918 32.5533332824707 32.931999206543
25.3873329162598 25.8293342590332 26.1700000762939 26.7346668243408 27.2826671600342 27.8993339538574 29.0193328857422 29.8106651306152 30.0486660003662 30.0133323669434 29.6606674194336 29.1120014190674 27.941333770752 27.6586666107178 25.5246658325195 25.3793334960938 24.0699996948242 24.0226669311523 25.4813327789307 26.0206661224365 26.6806678771973 27.9886665344238 29.5106658935547 30.4460010528564 30.8466663360596 30.1639995574951 30.5633335113525 31.5900001525879 31.8533344268799 32.0260009765625 32.2986679077148 32.6126670837402 32.7546653747559 32.6466674804688 32.5540008544922 32.335334777832 30.8886661529541 31.9846668243408 33.1059989929199 33.4693336486816 33.2620010375977 32.7620010375977 32.0273323059082 31.4013328552246 32.2666664123535 32.3919982910156 32.4533348083496
24.4566650390625 25.2220001220703 25.7626667022705 25.7533340454102 26.8626670837402 27.8680000305176 29.195333480835 29.9953327178955 30.3506660461426 30.453332901001 30.2473335266113 30.1726665496826 30.4433326721191 29.923999786377 29.1919994354248 28.503999710083 27.0346660614014 25.4693336486816 25.0133323669434 26.1879997253418 26.8246669769287 27.2959995269775 28.5186672210693 30.0593338012695 30.6413326263428 30.8146667480469 30.9519996643066 31.1546669006348 31.2800006866455 31.3193321228027 30.9946670532227 30.9980010986328 30.3360004425049 31.515998840332 32.8286666870117 32.9533309936523 31.9420013427734 32.3133316040039 33.4253349304199 33.751335144043 33.691333770752 33.4420013427734 33.0906677246094 32.4700012207031 32.5340003967285 32.742000579834 32.0273323059082
23.0473327636719 22.7093334197998 22.1813335418701 20.0799999237061 22.2446670532227 23.2946662902832 26.8153343200684 29.707332611084 30.4673328399658 30.7146663665771 30.7153339385986 31.1306667327881 31.0893325805664 31.2746677398682 30.92799949646 30.2286682128906 28.8299999237061 27.1533336639404 25.8926658630371 25.2826652526855 26.1879997253418 26.5533332824707 27.7146663665771 27.6806659698486 27.8266677856445 29.0926666259766 29.9899997711182 30.3880004882812 30.457332611084 30.6459999084473 30.3320007324219 29.708667755127 30.4160003662109 32.2046661376953 33.2939987182617 33.3873329162598 32.9526672363281 32.0120010375977 33.5946655273438 34.0706672668457 34.0033340454102 33.957332611084 33.6173324584961 32.5846672058105 32.1066665649414 33.0786666870117 33.1766662597656
