data/train-rasters-2.5m/bclim1.asc
NCOLS 322 
NROWS 151 
XLLCORNER -122.75 
YLLCORNER 31.9166666666667 
CELLSIZE 0.0416666666666677 
NODATA_value -3.4e+38 
[rows 21 to 41 of 151, columns 0 to 46 of 322]
-3.4e+38 -3.4e+38 -3.4e+38 -3.4e+38 -3.4e+38 -3.4e+38 -3.4e+38 -3.4e+38 13.1182870864868 13.2145004272461 13.3891668319702 13.5431671142578 13.6195001602173 13.529333114624 13.636833190918 14.3610000610352 15.0729999542236 15.6604995727539 15.9603328704834 16.1299991607666 16.2094993591309 16.2486667633057 16.1336669921875 15.7161664962769 14.9111671447754 14.5725002288818 13.8978328704834 13.408166885376 14.0346670150757 14.2851667404175 14.5131664276123 14.4168329238892 14.1618337631226 14.940333366394 15.5858335494995 15.7258329391479 16.1916675567627 16.7695007324219 16.9979991912842 16.804500579834 16.3570003509521 16.2143325805664 16.1611671447754 16.1126670837402 16.0428333282471 16.0358333587646 16.1035003662109
-3.4e+38 -3.4e+38 -3.4e+38 -3.4e+38 -3.4e+38 -3.4e+38 -3.4e+38 -3.4e+38 13.180682182312 13.1800003051758 13.2019996643066 13.3011665344238 13.5415000915527 13.7183332443237 13.474666595459 13.8998336791992 14.5861663818359 15.2401666641235 15.686333656311 15.977499961853 16.111499786377 16.170166015625 16.0596675872803 15.7031669616699 15.1801662445068 14.8299999237061 14.5156669616699 13.789999961853 13.6180000305176 14.2011671066284 14.6433334350586 14.8395004272461 15.0953330993652 15.4923334121704 15.2298336029053 15.7130002975464 15.9580001831055 16.492000579834 16.9578342437744 16.9104995727539 16.4566669464111 16.2278327941895 16.1900005340576 16.1830005645752 16.1283340454102 16.121000289917 16.1844997406006
-3.4e+38 -3.4e+38 -3.4e+38 -3.4e+38 -3.4e+38 -3.4e+38 -3.4e+38 -3.4e+38 13.1478261947632 13.1411666870117 13.1549997329712 13.2425003051758 13.2104997634888 13.6433334350586 13.7156667709351 13.2629995346069 13.7454996109009 14.3780002593994 15.091833114624 15.4230003356934 15.673999786377 15.8648328781128 15.8494997024536 15.7410001754761 15.4794998168945 15.1949996948242 15.0256662368774 14.3901662826538 13.9411668777466 13.9646663665771 14.5863332748413 14.7243328094482 15.2524995803833 15.5001668930054 15.4856672286987 15.626166343689 15.9429998397827 16.4053325653076 16.7668342590332 16.844165802002 16.4761657714844 16.2173328399658 16.1713333129883 16.2173328399658 16.1693325042725 16.216667175293 16.2543334960938
-3.4e+38 -3.4e+38 -3.4e+38 -3.4e+38 -3.4e+38 -3.4e+38 -3.4e+38 -3.4e+38 13.1231060028076 13.1329860687256 13.2118330001831 13.3851671218872 13.4350004196167 13.4975004196167 13.8698329925537 13.9541664123535 13.8226661682129 13.9928331375122 14.5474996566772 14.1058330535889 14.5578336715698 15.0141668319702 15.3041667938232 15.4583339691162 15.5625 15.4798336029053 15.3166666030884 14.8561668395996 14.1379995346069 14.2316665649414 14.5578336715698 14.5046663284302 15.0074996948242 15.0965003967285 15.1975002288818 15.2294998168945 15.6323337554932 16.007833480835 16.4794998168945 16.7281665802002 16.6356658935547 16.2773342132568 16.167667388916 16.2805004119873 16.2596664428711 16.2486667633057 16.183500289917
-3.4e+38 -3.4e+38 -3.4e+38 -3.4e+38 -3.4e+38 -3.4e+38 -3.4e+38 -3.4e+38 -3.4e+38 13.2180557250977 13.2076663970947 13.3883333206177 13.4091663360596 13.3118333816528 13.8618335723877 14.0698337554932 14.1731662750244 14.0441665649414 14.1208333969116 13.9504995346069 13.4291667938232 14.1256666183472 14.5243330001831 14.9226665496826 15.1438331604004 15.3408336639404 15.5068330764771 15.2930002212524 14.8081665039062 14.1873331069946 14.4703330993652 14.3004999160767 14.7624998092651 14.9559993743896 14.9435005187988 15.085000038147 15.2263336181641 15.706000328064 16.3098335266113 16.7066669464111 16.8020000457764 16.5121669769287 16.3269996643066 16.3431663513184 16.3001670837402 16.2549991607666 16.2046661376953
-3.4e+38 -3.4e+38 -3.4e+38 -3.4e+38 -3.4e+38 -3.4e+38 -3.4e+38 -3.4e+38 -3.4e+38 13.1875 13.2035713195801 13.3075752258301 13.4704999923706 13.3843336105347 13.268500328064 14.025333404541 14.1383333206177 14.1815004348755 14.2291669845581 14.1099996566772 13.8803329467773 13.2309999465942 13.7924995422363 14.4141664505005 14.7080001831055 14.9036664962769 15.315333366394 15.5634994506836 15.3695001602173 14.5240001678467 14.4685001373291 14.1730003356934 14.5001668930054 14.7526664733887 15.0461664199829 15.1129999160767 15.0646667480469 15.581166267395 16.2220001220703 16.1941661834717 16.642333984375 16.6811656951904 16.6464996337891 16.4974994659424 16.3036670684814 16.363000869751 16.4318332672119
-3.4e+38 -3.4e+38 -3.4e+38 -3.4e+38 -3.4e+38 -3.4e+38 -3.4e+38 -3.4e+38 -3.4e+38 -3.4e+38 -3.4e+38 13.3541669845581 13.4994316101074 13.5650005340576 13.4511671066284 13.7434997558594 14.0998334884644 14.1561670303345 14.2216663360596 14.2030000686646 13.9569997787476 13.6735000610352 13.6686668395996 13.8835000991821 14.2825002670288 14.5465002059937 14.9829998016357 15.4989995956421 15.6413335800171 15.2906665802002 14.8570003509521 14.638500213623 14.4941663742065 14.8573331832886 15.1721668243408 15.0111665725708 15.077166557312 15.6999998092651 16.087833404541 16.0935001373291 16.4701671600342 16.7723331451416 16.9703330993652 16.8348331451416 16.5058326721191 16.4775009155273 16.5006675720215
-3.4e+38 -3.4e+38 -3.4e+38 -3.4e+38 -3.4e+38 -3.4e+38 -3.4e+38 -3.4e+38 -3.4e+38 -3.4e+38 -3.4e+38 -3.4e+38 13.5174999237061 13.6151514053345 13.6826667785645 13.7423334121704 13.9340000152588 14.1181669235229 14.1488332748413 14.1691665649414 14.0594997406006 13.984167098999 14.1473331451416 14.2611665725708 14.1111669540405 14.2778329849243 14.7049999237061 15.2568330764771 15.6418333053589 15.5813331604004 15.1938333511353 14.9409999847412 14.9800004959106 15.2411661148071 15.206166267395 14.8983335494995 15.0480003356934 15.4820003509521 16.0403327941895 16.3153324127197 16.4804992675781 16.8894996643066 17.1471672058105 17.0920009613037 16.9058322906494 16.4916667938232 16.3104991912842
-3.4e+38 -3.4e+38 -3.4e+38 -3.4e+38 -3.4e+38 -3.4e+38 -3.4e+38 -3.4e+38 -3.4e+38 -3.4e+38 -3.4e+38 -3.4e+38 -3.4e+38 13.5500001907349 13.6791667938232 13.790452003479 14.033166885376 14.3058710098267 14.2159996032715 14.19140625 14.025595664978 13.9101667404175 14.1534996032715 14.4549999237061 14.3976669311523 14.113166809082 14.2124996185303 14.5648336410522 15.227499961853 15.3751668930054 15.3686666488647 15.3451671600342 15.3716669082642 15.3275003433228 15.1018333435059 14.8474998474121 14.6441669464111 14.5468330383301 15.7819995880127 16.4715003967285 16.8471660614014 16.9823341369629 17.095832824707 17.1184997558594 17.1135005950928 16.7428340911865 16.4268341064453
-3.4e+38 -3.4e+38 -3.4e+38 -3.4e+38 -3.4e+38 -3.4e+38 -3.4e+38 -3.4e+38 -3.4e+38 -3.4e+38 -3.4e+38 -3.4e+38 -3.4e+38 -3.4e+38 -3.4e+38 13.8291664123535 13.9933338165283 14.1979169845581 -3.4e+38 -3.4e+38 13.841667175293 13.7045831680298 14.0501670837402 14.4879999160767 14.5214996337891 14.4553337097168 14.2650003433228 14.390832901001 14.8334999084473 15.1293334960938 15.2806663513184 15.3999996185303 15.4808330535889 15.4820003509521 15.2083330154419 14.7003335952759 14.2158336639404 14.8973331451416 15.4575004577637 16.1436672210693 16.5046672821045 16.8438339233398 16.9318332672119 17.0995006561279 17.0631675720215 17.0205001831055 16.8453330993652
-3.4e+38 -3.4e+38 -3.4e+38 -3.4e+38 -3.4e+38 -3.4e+38 -3.4e+38 -3.4e+38 -3.4e+38 -3.4e+38 -3.4e+38 -3.4e+38 -3.4e+38 -3.4e+38 -3.4e+38 -3.4e+38 -3.4e+38 -3.4e+38 -3.4e+38 -3.4e+38 -3.4e+38 13.5614585876465 13.8586807250977 14.2568330764771 14.2808332443237 14.3010005950928 14.3728332519531 14.3838329315186 14.6265001296997 14.8001661300659 15.1273336410522 15.3586664199829 15.5179996490479 15.5221662521362 15.293999671936 14.6230001449585 14.058666229248 14.1105003356934 14.8398332595825 15.7399997711182 15.8781661987305 16.2963333129883 16.5981674194336 16.6963329315186 16.7448329925537 16.7453327178955 16.9869995117188
-3.4e+38 -3.4e+38 -3.4e+38 -3.4e+38 -3.4e+38 -3.4e+38 -3.4e+38 -3.4e+38 -3.4e+38 -3.4e+38 -3.4e+38 -3.4e+38 -3.4e+38 -3.4e+38 -3.4e+38 -3.4e+38 -3.4e+38 -3.4e+38 -3.4e+38 -3.4e+38 -3.4e+38 -3.4e+38 13.7724361419678 13.8906669616699 13.9820003509521 14.0504999160767 14.1639995574951 14.2733335494995 14.5108337402344 14.7478332519531 14.9531660079956 15.1824998855591 15.4208335876465 15.4133329391479 15.3276662826538 14.8950004577637 14.4143333435059 14.6075000762939 14.1541662216187 15.2451667785645 15.5244998931885 15.5071668624878 16.0036659240723 16.2353324890137 16.4086666107178 16.5674991607666 16.7728328704834
-3.4e+38 -3.4e+38 -3.4e+38 -3.4e+38 -3.4e+38 -3.4e+38 -3.4e+38 -3.4e+38 -3.4e+38 -3.4e+38 -3.4e+38 -3.4e+38 -3.4e+38 -3.4e+38 -3.4e+38 -3.4e+38 -3.4e+38 -3.4e+38 -3.4e+38 -3.4e+38 -3.4e+38 -3.4e+38 13.7458333969116 13.7779998779297 13.8870000839233 13.872166633606 13.9840002059937 14.1899995803833 14.3035001754761 14.2185001373291 14.3821668624878 14.6213331222534 14.9898328781128 15.1365003585815 15.1753330230713 15.2089996337891 14.690333366394 14.6700000762939 14.4479999542236 14.5176668167114 15.1400003433228 14.6293334960938 14.5423336029053 15.143666267395 15.8556671142578 16.5046672821045 16.8728332519531
-3.4e+38 -3.4e+38 -3.4e+38 -3.4e+38 -3.4e+38 -3.4e+38 -3.4e+38 -3.4e+38 -3.4e+38 -3.4e+38 -3.4e+38 -3.4e+38 -3.4e+38 -3.4e+38 -3.4e+38 -3.4e+38 -3.4e+38 -3.4e+38 -3.4e+38 -3.4e+38 -3.4e+38 -3.4e+38 13.6072912216187 13.75 13.9748334884644 14.0329999923706 14.0823335647583 14.2023334503174 14.106499671936 13.5548334121704 13.4111671447754 13.8701667785645 14.2836666107178 14.7346668243408 15.0133333206177 15.0513334274292 14.8689994812012 14.5989999771118 14.6531667709351 14.3703336715698 14.3808336257935 14.1499996185303 14.2913331985474 14.8638334274292 16.0281658172607 16.7150001525879 16.8403339385986
-3.4e+38 -3.4e+38 -3.4e+38 -3.4e+38 -3.4e+38 -3.4e+38 -3.4e+38 -3.4e+38 -3.4e+38 -3.4e+38 -3.4e+38 -3.4e+38 -3.4e+38 -3.4e+38 -3.4e+38 -3.4e+38 -3.4e+38 -3.4e+38 -3.4e+38 -3.4e+38 -3.4e+38 -3.4e+38 13.6750001907349 13.7679996490479 13.9801664352417 14.143666267395 14.297833442688 14.3196668624878 14.2008333206177 13.8991670608521 13.3354997634888 13.3621664047241 13.7279996871948 14.3068332672119 14.8015003204346 15.0729999542236 14.8734998703003 14.8621664047241 14.7203330993652 14.2856664657593 14.0454998016357 13.9773330688477 13.8183336257935 14.543833732605 16.0441665649414 16.4078330993652 16.0515003204346
-3.4e+38 -3.4e+38 -3.4e+38 -3.4e+38 -3.4e+38 -3.4e+38 -3.4e+38 -3.4e+38 -3.4e+38 -3.4e+38 -3.4e+38 -3.4e+38 -3.4e+38 -3.4e+38 -3.4e+38 -3.4e+38 -3.4e+38 -3.4e+38 -3.4e+38 -3.4e+38 -3.4e+38 -3.4e+38 13.8034725189209 13.8374996185303 13.9878330230713 14.2601671218872 14.5211668014526 14.4724998474121 14.3594999313354 14.1153335571289 13.4676666259766 13.1733331680298 12.9858331680298 13.6373329162598 14.3541669845581 14.7915000915527 14.9213333129883 15.1371669769287 14.4523334503174 14.3588333129883 14.1748332977295 13.8926668167114 13.8813333511353 14.2151670455933 15.621000289917 16.1276664733887 15.6490001678467
-3.4e+38 -3.4e+38 -3.4e+38 -3.4e+38 -3.4e+38 -3.4e+38 -3.4e+38 -3.4e+38 -3.4e+38 -3.4e+38 -3.4e+38 -3.4e+38 -3.4e+38 -3.4e+38 -3.4e+38 -3.4e+38 -3.4e+38 -3.4e+38 -3.4e+38 12.8374996185303 -3.4e+38 13.2583332061768 13.4159421920776 13.5865001678467 13.7553329467773 14.0944995880127 14.3741664886475 14.3633337020874 14.3313331604004 14.341667175293 14.2893333435059 13.8413333892822 13.1986665725708 13.1336669921875 13.3461666107178 14.0885000228882 14.6046667098999 14.5085000991821 14.6923332214355 14.1934995651245 13.9541664123535 14.3076667785645 14.4366664886475 15.1094999313354 15.9040002822876 16.0470008850098 15.7343330383301
-3.4e+38 -3.4e+38 -3.4e+38 -3.4e+38 -3.4e+38 -3.4e+38 -3.4e+38 -3.4e+38 -3.4e+38 -3.4e+38 -3.4e+38 -3.4e+38 -3.4e+38 -3.4e+38 -3.4e+38 -3.4e+38 -3.4e+38 -3.4e+38 12.8500003814697 12.7763891220093 13.1750001907349 13.5733327865601 13.4553337097168 13.4373331069946 13.6555004119873 13.8815002441406 14.050666809082 14.1213331222534 14.1898336410522 14.3151664733887 14.4128332138062 14.3724994659424 14.1438331604004 13.4160003662109 12.9576663970947 13.1986665725708 14.1791667938232 14.5873336791992 13.9838333129883 13.6926670074463 12.8358335494995 13.1943330764771 14.323166847229 15.1118335723877 15.7778329849243 16.236499786377 16.3316669464111
-3.4e+38 -3.4e+38 -3.4e+38 -3.4e+38 -3.4e+38 -3.4e+38 -3.4e+38 -3.4e+38 -3.4e+38 -3.4e+38 -3.4e+38 -3.4e+38 -3.4e+38 -3.4e+38 -3.4e+38 -3.4e+38 -3.4e+38 -3.4e+38 12.796875 12.759259223938 12.9708337783813 13.2543334960938 13.4045000076294 13.4744997024536 13.7441663742065 13.7126665115356 13.5474996566772 13.8199996948242 14.1196670532227 14.2218332290649 14.308500289917 14.4768333435059 14.4381666183472 14.1478328704834 13.6234998703003 13.5465002059937 13.7559995651245 14.378833770752 14.6093330383301 14.3340005874634 13.3946666717529 12.8374996185303 13.5620002746582 13.5286664962769 14.1518335342407 15.110333442688 15.548999786377
-3.4e+38 -3.4e+38 -3.4e+38 -3.4e+38 -3.4e+38 -3.4e+38 -3.4e+38 -3.4e+38 -3.4e+38 -3.4e+38 -3.4e+38 -3.4e+38 -3.4e+38 -3.4e+38 -3.4e+38 -3.4e+38 -3.4e+38 -3.4e+38 -3.4e+38 12.7910718917847 12.8703336715698 13.1643333435059 13.3471670150757 13.4833335876465 13.4326667785645 13.686333656311 13.4093332290649 12.9630002975464 13.6106662750244 14.1696662902832 14.2775001525879 14.418833732605 14.581000328064 14.7423334121704 14.3083333969116 13.9546670913696 14.0398330688477 14.3698329925537 14.6485004425049 14.8269996643066 14.621166229248 13.8998336791992 13.3575000762939 13.0588331222534 13.4336671829224 14.1931667327881 14.4805002212524
-3.4e+38 -3.4e+38 -3.4e+38 -3.4e+38 -3.4e+38 -3.4e+38 -3.4e+38 -3.4e+38 -3.4e+38 -3.4e+38 -3.4e+38 -3.4e+38 -3.4e+38 -3.4e+38 -3.4e+38 -3.4e+38 -3.4e+38 -3.4e+38 -3.4e+38 12.6649303436279 12.5313329696655 12.7991666793823 12.8833332061768 13.0349998474121 13.4788331985474 13.4844999313354 13.6591663360596 13.41100025177 12.8299999237061 13.429666519165 14.1459999084473 14.3351669311523 14.4821662902832 14.6793336868286 14.5231666564941 14.5564994812012 14.3943328857422 14.2805004119873 14.8290004730225 14.8186664581299 14.7760000228882 14.4090003967285 14.0656661987305 13.573166847229 12.7366666793823 12.8245000839233 13.5423336029053
