data/train-rasters-2.5m/bclim13.asc
NCOLS 322 
NROWS 151 
XLLCORNER -122.75 
YLLCORNER 31.9166666666667 
CELLSIZE 0.0416666666666677 
NODATA_value -3.4e+38 
[rows 0 to 41 of 151, columns 190 to 284 of 322]
27 28 30 33 32 30 29 29 31 33 37 47 44 36 35 33 34 37 39 35 34 36 41 50 42 37 36 34 35 36 38 36 34 34 36 30 29 29 28 28 28 28 29 29 30 32 36 38 39 38 38 40 39 41 42 45 52 60 61 49 39 34 34 37 39 40 39 38 37 44 54 55 52 52 52 53 52 52 59 69 67 62 54 47 43 41 37 32 30 26 24 25 25 25 24
26 27 29 30 30 30 29 29 30 31 35 42 48 42 36 33 32 36 42 38 35 36 39 46 45 38 37 35 35 36 37 38 33 32 33 29 29 29 29 29 30 31 32 32 32 36 39 42 45 44 43 43 42 40 42 45 51 55 50 45 39 36 37 44 52 53 44 38 39 44 53 55 54 54 55 57 58 56 65 71 71 69 68 61 46 39 36 35 33 28 25 26 26 28 30
26 26 27 28 31 33 29 29 30 30 33 36 40 43 37 33 32 36 41 38 35 35 36 39 42 42 38 35 34 36 36 36 35 32 30 29 29 29 29 32 35 35 36 40 39 39 42 44 47 48 44 40 39 42 44 45 49 49 49 44 43 41 43 49 59 54 46 41 39 42 47 54 57 58 60 61 61 59 69 71 71 70 66 58 48 41 39 36 33 29 26 27 27 28 32
26 26 26 29 31 41 33 29 29 30 31 33 36 39 37 34 35 38 44 40 37 35 36 37 40 41 39 35 34 35 34 35 35 30 30 29 29 30 30 34 35 35 38 40 39 39 40 43 44 43 38 37 41 44 46 50 49 47 46 42 47 48 51 60 60 54 49 44 41 44 54 57 60 62 63 63 64 65 70 70 64 65 68 63 53 43 39 36 34 28 27 27 29 29 34
26 25 26 27 31 43 38 30 29 30 31 32 33 35 36 34 37 43 47 46 38 36 36 37 38 36 36 35 34 32 32 32 32 30 30 30 30 30 30 32 33 36 39 38 38 38 40 42 40 37 36 38 47 46 49 47 48 47 43 41 48 56 62 64 59 55 50 46 43 47 57 62 60 62 62 62 61 64 66 63 55 55 57 57 51 43 40 39 37 30 28 29 31 31 34
25 25 25 27 31 40 40 34 31 30 30 31 31 32 31 34 37 42 49 46 40 38 38 42 38 34 33 33 32 31 31 30 30 30 30 30 30 31 31 31 33 36 36 36 36 37 41 41 37 36 37 41 46 50 49 47 46 44 41 43 48 56 62 61 58 54 51 48 46 50 60 65 64 63 63 59 54 55 54 54 49 46 47 45 42 39 36 34 35 34 29 31 32 34 34
26 26 26 29 34 41 43 38 37 34 30 31 31 31 31 34 37 39 42 48 41 37 37 35 33 31 31 30 30 31 31 31 31 30 30 30 31 31 31 33 33 34 35 35 35 38 39 37 36 36 40 45 51 50 53 50 46 43 42 44 49 53 58 60 56 54 49 47 46 54 64 67 62 62 63 54 49 48 47 44 44 42 39 39 37 37 34 33 35 36 30 30 30 30 30
25 26 26 28 33 42 46 37 33 33 32 31 32 32 33 33 37 38 39 40 38 36 34 32 30 31 32 31 32 31 32 32 32 31 32 32 32 31 32 33 33 33 34 34 36 37 36 37 37 38 44 48 50 55 51 48 45 43 43 45 50 55 60 58 58 53 49 47 48 55 65 67 58 52 55 48 45 44 42 40 40 39 38 35 35 36 32 33 35 36 32 27 28 27 27
25 26 26 28 31 38 40 34 31 30 31 31 30 32 34 36 39 40 38 37 39 36 32 31 31 34 34 33 33 33 33 32 32 32 33 32 33 32 33 35 35 34 34 35 39 37 37 38 39 44 51 54 55 57 53 49 46 44 44 46 49 55 59 56 55 52 49 48 50 54 60 62 55 47 46 45 42 45 39 39 37 36 36 33 33 35 30 32 35 36 33 27 27 28 25
27 28 27 28 30 34 34 31 30 30 31 31 31 32 36 41 44 42 38 36 36 32 31 31 34 36 35 36 37 35 34 35 34 33 32 32 33 33 35 36 35 34 34 35 37 38 40 45 45 50 56 62 60 57 56 50 47 45 45 46 51 53 57 56 53 50 49 49 52 55 61 53 48 46 44 41 39 39 40 37 36 34 34 32 32 33 31 31 33 35 36 31 26 25 23
31 31 26 28 29 31 32 30 29 31 32 30 32 33 37 42 42 41 38 35 33 33 32 33 36 38 38 41 42 39 37 40 39 37 36 34 34 34 35 37 35 35 35 36 41 46 48 52 50 54 61 62 59 55 52 52 51 48 47 46 50 53 54 53 52 51 49 51 53 58 66 58 50 46 43 40 38 37 38 37 35 33 32 31 30 30 31 32 32 33 34 32 26 26 24
27 33 28 31 31 33 37 34 29 29 30 31 33 35 40 42 40 39 37 35 35 34 33 34 35 37 39 43 43 42 41 43 43 43 41 38 35 35 36 36 36 36 37 42 52 55 54 59 61 64 62 59 56 55 56 54 52 49 47 47 51 52 53 52 51 51 52 52 54 57 65 58 49 46 44 43 41 38 36 36 36 35 34 33 30 29 30 32 30 31 31 33 30 25 25
26 27 29 33 33 33 35 34 30 30 31 33 35 37 39 40 39 40 39 39 40 39 39 39 39 38 39 43 44 44 44 44 44 44 44 42 39 39 38 37 36 37 38 44 52 58 60 66 71 68 63 59 57 55 53 51 51 48 46 48 54 54 52 52 51 49 47 46 50 53 59 52 48 47 48 43 41 40 35 34 33 33 33 34 31 29 28 29 31 30 28 31 34 27 24
26 27 31 36 35 33 31 30 30 31 32 35 38 41 41 40 40 41 43 42 42 41 42 43 44 42 42 44 44 46 44 44 44 44 45 46 43 42 41 38 37 39 43 50 47 52 54 61 69 67 63 59 55 53 54 53 49 47 48 52 56 54 53 54 51 46 43 43 45 49 48 49 53 51 48 45 42 42 39 36 33 32 31 30 29 29 29 27 28 30 27 29 32 32 23
28 30 34 37 37 34 30 28 31 31 31 35 39 40 41 40 41 43 44 44 44 43 43 44 45 46 46 46 47 45 44 47 47 47 47 50 49 46 46 44 40 41 50 59 58 55 58 65 68 66 64 60 56 53 51 50 48 47 51 57 59 56 56 54 50 44 41 43 42 44 46 50 55 53 49 45 45 45 44 42 37 33 32 30 30 32 31 27 26 27 27 28 31 33 24
30 34 38 37 36 34 29 33 34 35 35 35 40 40 39 40 41 43 43 47 49 48 47 47 48 48 47 46 47 48 50 50 49 50 49 53 56 56 49 47 44 54 59 61 57 60 58 63 66 64 62 60 57 54 51 49 47 49 54 60 58 56 55 50 46 43 40 40 41 43 46 48 48 47 47 46 43 43 41 39 37 33 31 30 29 29 28 27 26 26 26 28 29 31 27
31 37 41 38 35 31 33 37 38 37 39 38 39 39 38 40 42 42 42 46 53 57 53 51 55 55 50 51 52 53 53 52 51 55 57 52 51 51 50 49 54 59 61 59 57 54 53 56 62 62 61 59 56 53 51 49 49 52 58 60 57 57 52 48 46 43 39 39 40 40 42 44 45 42 44 46 43 41 40 39 39 37 36 32 30 30 30 28 28 26 25 25 27 28 29
30 35 39 38 36 34 32 40 46 42 41 39 39 41 40 42 44 45 43 45 51 57 59 54 52 54 57 58 54 56 58 55 52 56 59 56 57 56 53 49 58 56 56 59 54 53 51 54 53 53 58 58 55 53 51 49 51 53 56 60 59 59 55 48 44 42 40 38 38 40 41 42 41 39 42 43 41 41 42 39 38 40 40 39 33 28 27 26 26 26 25 23 24 25 26
29 33 36 39 37 36 33 38 43 42 40 41 41 41 42 43 45 45 42 41 44 49 53 52 52 50 52 51 52 52 53 55 54 56 61 59 58 57 53 52 58 53 56 53 53 49 51 52 49 49 54 57 54 50 48 47 46 50 58 60 59 56 50 47 45 44 41 39 42 40 41 40 39 38 38 39 38 38 39 39 38 38 37 37 39 35 28 26 24 24 24 24 22 24 24
29 33 39 39 37 34 30 34 37 37 36 38 42 42 45 43 39 41 40 39 40 42 45 49 53 50 47 49 52 53 55 56 56 61 64 60 58 56 52 52 52 55 55 52 50 47 48 48 48 50 51 51 50 49 50 48 45 47 55 53 52 49 47 45 46 46 42 38 42 39 41 39 36 37 37 37 37 36 35 36 36 37 36 34 37 40 36 28 26 24 24 24 22 21 22
30 36 47 43 35 32 28 28 34 34 33 36 41 47 48 43 37 40 39 37 38 43 49 50 48 46 43 47 51 53 57 60 58 60 62 60 57 53 52 52 53 56 55 56 53 50 48 47 50 52 51 49 48 45 45 46 44 45 46 45 46 46 44 44 44 43 41 37 38 38 39 38 37 36 38 38 38 38 34 31 33 34 37 36 32 39 43 39 31 25 23 23 21 20 21
32 39 41 38 33 30 29 31 28 29 31 35 40 40 39 38 35 37 37 34 34 39 44 43 42 40 41 47 51 54 56 61 63 62 59 58 52 52 52 52 52 53 54 60 60 52 49 51 54 53 50 45 44 43 44 44 45 45 44 43 43 43 43 45 43 42 39 38 37 37 36 39 38 35 38 38 38 37 34 32 30 31 33 33 31 35 37 40 43 32 25 22 21 21 20
36 40 33 30 28 28 31 29 25 27 32 37 40 37 35 35 33 35 33 32 32 35 37 38 38 38 45 48 51 52 54 56 57 56 55 50 46 47 49 51 52 52 53 60 58 54 51 49 51 47 44 43 44 47 47 45 46 44 43 42 43 44 45 41 40 41 41 39 35 36 35 36 37 33 35 37 35 32 31 33 31 28 31 30 26 29 26 29 39 43 35 26 22 22 21
34 31 28 26 27 31 29 26 23 26 30 35 35 34 34 34 35 32 32 32 30 35 41 41 37 38 46 49 43 48 51 51 50 47 42 42 41 41 47 48 50 50 53 54 55 53 54 51 48 44 43 43 46 54 50 48 48 46 45 42 43 46 46 42 41 41 42 36 34 33 35 34 35 33 32 33 33 30 30 31 32 29 27 29 24 24 28 23 31 40 40 38 26 21 20
30 26 23 24 28 28 27 25 23 25 29 32 32 31 32 32 32 31 30 29 31 38 48 49 40 33 32 37 36 41 41 39 41 39 36 35 38 42 44 45 47 50 51 52 51 50 50 49 47 45 43 44 46 49 47 46 48 47 43 44 45 46 43 43 41 38 38 36 35 33 35 33 32 32 30 31 31 30 29 29 29 31 27 24 23 24 26 22 25 29 34 39 24 21 20
26 23 23 26 25 26 24 23 22 24 27 27 29 30 31 32 32 31 29 28 33 40 50 51 43 36 32 31 30 33 35 33 34 34 34 37 41 47 48 49 50 50 50 51 51 50 50 47 48 47 46 47 47 48 47 46 46 44 44 46 44 41 43 41 38 37 37 38 35 32 32 31 30 29 29 28 31 31 30 26 25 27 28 26 24 23 25 22 23 24 25 27 21 20 22
23 21 25 28 24 24 23 22 22 24 26 26 28 29 31 31 32 30 28 27 31 38 47 48 49 43 35 32 31 31 31 30 32 34 36 38 42 48 48 51 52 50 49 51 51 56 50 49 47 48 48 51 52 48 49 48 49 48 46 44 42 42 42 40 38 38 38 39 35 31 30 31 30 30 29 27 28 30 30 27 24 25 26 24 23 22 24 22 22 21 21 21 20 21 23
21 25 26 24 23 22 21 22 25 28 29 27 26 28 29 29 30 28 27 27 29 32 36 43 52 47 36 30 30 30 30 31 32 38 45 41 43 50 50 50 48 49 50 59 63 54 53 53 48 51 54 59 52 47 48 47 48 47 44 42 41 40 39 39 40 41 41 36 35 34 31 31 32 32 32 29 26 26 25 25 24 23 24 23 22 22 21 23 24 23 22 25 22 24 34
26 26 24 22 20 20 22 26 32 34 32 29 26 25 27 27 27 26 26 26 26 28 31 39 46 44 38 30 29 30 31 32 32 34 36 37 40 49 49 48 46 46 46 47 53 52 52 49 45 45 52 56 48 44 45 47 44 42 41 41 39 38 38 38 41 43 42 35 35 33 32 32 33 33 33 34 28 26 25 24 23 23 23 23 22 22 22 22 24 27 25 28 24 29 47
28 25 22 21 19 21 25 34 40 39 31 28 26 24 24 24 26 25 25 25 25 25 25 31 33 32 31 31 31 31 32 32 33 34 35 35 42 46 45 45 45 45 44 47 50 47 47 47 53 51 46 45 39 41 42 42 43 42 40 39 38 37 38 41 44 44 41 37 37 36 35 34 33 31 35 35 31 28 26 25 23 23 23 23 23 23 22 22 23 24 28 30 23 28 32
25 23 21 19 18 21 25 31 39 40 34 28 29 24 23 22 23 24 23 24 23 24 23 29 27 31 38 34 32 33 33 34 36 37 38 39 45 45 45 46 46 45 42 41 42 41 43 45 53 48 43 38 37 38 38 40 40 39 39 39 38 38 40 44 45 45 40 39 40 39 39 38 37 36 34 32 30 28 26 25 24 24 24 25 23 24 24 23 23 24 25 29 26 26 30
23 23 22 19 18 21 23 27 30 33 30 28 29 24 22 23 22 22 21 22 22 22 23 33 36 41 44 37 41 42 37 43 42 39 41 43 45 45 44 44 44 43 42 40 40 39 40 41 47 41 38 37 36 35 35 37 38 38 38 38 39 40 43 47 47 47 42 41 41 42 41 41 40 40 40 40 30 27 27 25 25 25 25 26 26 24 23 24 24 24 25 26 26 27 27
23 22 21 19 18 20 21 24 29 30 26 25 25 23 21 21 23 21 21 21 21 22 27 42 44 47 48 43 41 44 43 45 44 41 41 42 47 45 43 43 43 41 40 39 39 39 39 38 38 37 37 36 35 35 35 36 37 38 39 40 41 44 47 50 49 50 44 43 43 44 44 43 42 43 42 40 28 24 25 27 27 27 26 27 28 27 23 23 24 23 24 24 24 25 26
19 20 20 18 17 19 20 22 23 23 23 23 22 22 21 21 21 21 21 21 21 25 34 49 48 53 52 44 45 48 46 47 44 40 40 41 45 44 44 42 42 41 40 40 40 40 40 39 37 37 36 36 35 35 36 38 39 39 41 42 44 49 52 53 53 50 43 46 46 46 45 44 44 46 40 30 25 26 28 29 29 30 29 28 29 28 25 25 27 28 27 26 27 26 25
18 18 18 18 17 18 19 20 21 19 19 20 21 21 20 20 20 20 20 21 22 30 45 52 56 49 49 43 44 47 44 44 43 41 39 39 41 44 42 41 40 39 40 40 41 42 41 40 38 37 36 36 36 36 38 39 40 41 42 44 48 55 57 56 54 48 40 44 47 48 46 46 47 39 30 26 25 29 32 32 32 32 30 30 29 30 28 26 26 28 29 29 29 29 28
18 18 17 18 17 17 19 20 20 19 20 19 19 19 19 20 21 22 23 24 26 35 45 46 44 42 42 42 43 41 42 43 42 42 40 38 39 43 44 41 40 40 40 40 41 42 40 39 38 37 37 37 37 37 39 40 41 43 44 47 53 58 60 59 57 49 42 37 36 35 39 46 42 30 27 27 27 34 34 33 33 33 32 31 30 31 30 28 27 28 29 29 30 31 30
20 19 18 18 17 17 17 18 19 19 19 19 18 18 21 23 26 28 29 30 37 38 39 41 40 38 38 40 41 40 41 42 42 43 42 40 39 39 43 43 41 40 40 40 40 40 39 39 38 38 38 39 37 39 39 42 44 45 46 49 58 60 62 63 60 49 46 38 35 34 33 33 31 29 28 29 31 37 36 34 34 34 34 33 31 31 31 29 28 28 29 30 31 31 30
20 19 18 18 17 17 17 18 18 18 19 19 18 19 23 27 32 41 44 41 40 35 36 38 41 36 37 39 40 40 41 42 43 43 43 41 40 39 43 43 42 41 41 41 41 41 40 40 40 39 38 39 38 36 41 43 45 47 50 54 61 63 64 65 61 52 49 41 36 33 32 31 30 29 30 31 32 38 38 36 34 34 34 34 32 30 31 30 28 29 30 31 31 32 31
19 18 17 17 18 19 19 18 19 18 19 19 18 20 24 28 39 50 48 38 35 33 36 37 37 37 40 40 42 42 42 42 43 43 43 42 41 40 45 45 45 44 42 42 42 42 41 41 40 41 40 38 38 37 43 44 46 49 56 58 63 64 65 66 62 56 51 46 36 34 33 32 32 30 32 32 34 39 39 38 36 34 35 34 33 31 31 30 29 31 30 32 34 35 34
18 18 18 18 19 21 20 19 18 18 19 19 19 22 22 27 36 43 45 34 33 33 33 34 33 34 42 43 44 44 43 45 44 43 42 42 44 47 47 45 45 45 44 43 43 43 43 42 41 39 37 36 33 39 41 44 47 52 60 58 62 65 66 68 66 62 53 45 37 35 34 34 31 32 34 34 33 38 41 40 37 33 34 34 35 34 33 32 32 32 32 36 36 37 35
18 18 18 18 19 22 20 19 18 19 19 18 19 20 22 24 27 33 38 33 31 31 31 30 30 33 35 40 45 46 45 45 44 44 43 42 47 49 48 47 46 46 46 46 45 45 44 43 43 42 43 40 33 38 35 43 49 55 60 60 62 66 67 69 68 65 56 48 38 36 35 31 32 34 35 36 36 34 41 40 37 33 33 34 35 34 33 33 33 33 33 35 36 34 33
18 18 18 19 20 22 20 20 19 18 18 18 19 19 22 24 25 28 33 31 29 28 28 28 29 36 44 44 44 46 46 45 45 45 43 43 47 49 49 50 51 49 47 47 47 46 45 44 44 44 44 42 33 34 36 47 52 55 59 60 63 65 68 70 69 68 60 48 39 37 34 30 35 35 36 37 37 36 35 40 36 31 31 33 32 30 31 31 32 33 34 36 34 32 31
