data/train-rasters-2.5m/bclim17.asc
NCOLS 322 
NROWS 151 
XLLCORNER -122.75 
YLLCORNER 31.9166666666667 
CELLSIZE 0.0416666666666677 
NODATA_value -3.4e+38 
[rows 92 to 137 of 151, columns 96 to 191 of 322]
6 6 6 6 5 6 6 6 6 7 7 9 10 11 10 10 12 16 17 25 20 22 30 32 20 29 29 22 15 13 13 13 13 12 12 12 15 18 19 23 28 35 31 28 28 25 28 23 21 19 18 18 18 19 18 14 13 11 11 10 8 6 6 10 11 13 13 10 13 11 10 8 5 5 5 6 6 5 5 5 5 6 6 6 7 10 9 7 7 7 7 9 11 13 13 12
3 4 6 6 6 6 5 5 6 6 7 7 7 9 9 9 10 13 12 19 12 15 22 19 14 24 37 27 17 13 11 13 14 13 12 15 17 17 19 24 31 36 39 41 41 40 35 31 32 27 27 25 24 23 20 17 16 14 11 11 8 6 6 7 11 10 10 8 8 11 12 11 7 6 6 6 6 6 6 5 6 6 6 6 6 7 6 6 6 6 7 9 13 16 14 12
3 3 5 4 4 4 4 5 5 6 6 7 9 7 9 11 10 10 10 10 8 9 10 11 14 22 37 33 21 13 11 12 15 14 15 16 18 19 20 23 31 38 40 39 40 40 39 38 37 35 30 30 27 26 23 20 17 16 14 13 11 7 7 6 7 7 6 5 5 8 14 11 8 7 6 6 6 6 6 6 6 6 6 6 6 6 7 6 6 6 7 9 11 14 14 12
4 5 3 3 4 4 4 5 5 6 6 6 6 7 7 10 10 9 9 9 9 7 9 9 10 12 21 32 26 15 12 10 10 13 15 16 19 20 23 29 38 36 39 40 40 42 41 43 43 40 34 32 27 25 24 21 20 17 16 13 11 9 7 6 6 7 6 5 5 5 8 8 9 13 7 7 7 9 7 6 6 5 6 7 7 6 8 9 7 6 7 7 9 12 14 11
3 3 3 3 4 4 4 5 5 6 6 6 6 7 8 8 8 7 8 7 7 7 9 9 10 11 13 13 13 12 12 9 9 9 10 12 13 15 18 22 28 26 31 33 35 38 46 49 49 45 38 34 29 25 24 22 20 19 15 13 11 9 7 7 7 7 5 5 5 5 6 6 6 8 10 7 9 10 10 7 6 5 6 7 9 7 6 6 7 6 6 7 7 9 11 9
3 3 3 4 4 5 5 5 5 6 6 6 6 8 8 8 7 6 6 6 6 5 7 7 7 8 8 9 9 9 9 9 9 9 9 9 11 12 14 17 17 21 31 42 48 46 46 43 46 43 37 32 28 25 24 22 20 18 14 13 11 11 10 8 7 7 7 6 5 5 6 6 6 6 6 7 7 9 9 8 7 6 6 6 7 10 7 6 7 7 6 7 7 7 9 7
3 3 4 4 5 5 5 5 6 6 6 6 6 7 7 6 6 6 6 6 6 5 5 5 6 6 6 6 6 6 8 9 9 9 9 9 9 10 11 14 17 20 24 40 46 59 60 49 42 34 32 28 24 21 22 21 22 22 20 18 19 19 14 18 14 9 11 8 6 6 6 6 6 6 6 7 7 9 9 8 7 6 6 6 7 8 7 6 6 6 6 7 7 7 7 7
3 3 5 5 3 3 3 3 3 4 6 6 6 6 6 6 6 6 6 6 6 5 5 5 5 5 6 6 6 6 7 8 8 9 9 9 9 11 11 12 15 17 23 37 41 43 43 36 29 27 25 20 18 18 20 24 26 26 27 23 25 26 26 30 25 14 15 15 8 9 6 6 7 8 7 8 7 7 8 8 10 8 7 6 7 7 7 6 6 7 7 7 7 6 6 7
2 2 3 3 3 3 3 3 3 3 6 6 6 6 6 6 6 6 6 6 6 5 5 5 5 5 5 6 6 6 7 7 8 8 9 9 10 11 12 13 14 17 21 24 26 32 34 32 29 21 19 16 15 16 20 19 24 28 29 29 28 26 26 28 26 19 18 15 11 11 9 7 6 8 7 7 7 6 7 10 13 10 7 6 7 8 8 7 7 7 7 7 7 6 6 6
-3.4e+38 -3.4e+38 -3.4e+38 -3.4e+38 -3.4e+38 -3.4e+38 3 3 3 4 5 6 6 6 6 6 6 6 6 6 6 6 5 5 5 5 5 5 5 7 7 7 7 8 9 11 12 12 12 12 14 16 18 20 22 21 23 24 24 22 16 14 12 13 14 16 18 21 25 28 28 27 28 28 27 21 16 13 11 11 11 9 6 6 6 6 6 6 6 7 8 10 7 6 6 7 7 11 10 7 7 7 7 6 6 6
-3.4e+38 -3.4e+38 -3.4e+38 -3.4e+38 -3.4e+38 -3.4e+38 -3.4e+38 3 3 3 5 5 6 6 6 6 6 6 6 6 6 6 6 6 5 5 5 5 5 7 7 7 8 9 9 9 10 11 11 12 14 15 17 17 19 18 17 15 14 14 13 12 12 11 11 12 12 16 16 24 24 29 29 24 23 20 15 9 8 6 9 7 6 6 6 6 6 6 6 6 6 8 7 6 5 6 7 7 8 7 7 7 6 6 6 6
-3.4e+38 -3.4e+38 -3.4e+38 -3.4e+38 -3.4e+38 -3.4e+38 -3.4e+38 3 3 3 5 4 4 6 6 6 6 6 6 6 6 6 6 6 6 5 6 6 6 7 7 7 8 9 9 9 9 11 11 11 12 14 16 17 19 20 18 16 17 14 13 11 10 10 10 11 11 10 11 11 13 17 25 26 20 19 17 13 9 7 7 7 7 7 7 7 7 9 7 5 6 7 7 5 5 5 5 6 7 6 6 7 7 6 6 7
-3.4e+38 -3.4e+38 -3.4e+38 -3.4e+38 -3.4e+38 -3.4e+38 -3.4e+38 -3.4e+38 4 3 3 4 4 6 6 6 6 6 6 6 6 6 6 6 6 6 8 7 7 7 7 8 9 9 9 9 9 11 11 11 11 12 15 17 21 24 25 27 36 26 27 17 10 10 9 10 9 9 9 9 9 12 17 22 26 22 20 15 15 15 10 9 8 8 7 8 10 8 6 5 5 5 7 5 5 5 4 5 7 7 6 6 6 7 7 7
-3.4e+38 -3.4e+38 -3.4e+38 -3.4e+38 -3.4e+38 -3.4e+38 -3.4e+38 -3.4e+38 3 3 3 5 5 5 5 6 5 5 6 6 5 6 6 6 6 7 9 10 8 7 7 8 9 9 11 9 9 9 11 11 13 11 12 17 19 21 25 34 40 55 46 27 14 10 9 8 8 7 7 8 9 7 9 14 19 19 18 19 21 16 13 10 10 10 10 11 11 8 5 5 5 5 4 4 5 4 4 7 7 7 5 6 6 6 6 6
-3.4e+38 -3.4e+38 -3.4e+38 -3.4e+38 -3.4e+38 -3.4e+38 -3.4e+38 3 5 5 3 3 3 5 5 4 4 6 6 6 6 6 6 6 6 6 7 10 10 9 7 9 10 11 11 9 9 9 11 13 13 11 12 13 14 17 24 29 36 44 44 29 13 11 10 9 8 8 7 6 5 4 4 8 11 15 15 16 17 15 13 16 14 11 13 10 10 8 5 5 5 5 4 4 5 4 5 8 8 6 5 5 7 5 5 5
-3.4e+38 -3.4e+38 -3.4e+38 -3.4e+38 -3.4e+38 -3.4e+38 -3.4e+38 -3.4e+38 4 5 5 3 4 4 -3.4e+38 4 4 6 6 5 6 6 5 5 6 7 7 9 13 13 10 8 7 9 9 9 9 9 11 11 11 11 13 14 15 17 18 25 31 34 36 27 16 12 15 12 8 8 7 6 4 4 4 6 8 10 13 16 20 15 13 17 19 12 11 8 9 8 5 5 5 5 4 5 4 4 4 5 5 4 4 4 7 7 5 5
-3.4e+38 -3.4e+38 -3.4e+38 -3.4e+38 -3.4e+38 -3.4e+38 -3.4e+38 -3.4e+38 -3.4e+38 -3.4e+38 -3.4e+38 3 -3.4e+38 -3.4e+38 -3.4e+38 -3.4e+38 4 4 5 5 5 5 5 5 6 6 7 7 10 12 13 12 8 7 8 9 9 9 9 11 11 12 12 14 17 19 20 24 28 29 31 34 28 16 20 14 10 9 7 6 4 4 4 4 6 7 9 9 9 9 8 10 8 7 5 5 5 5 5 5 5 5 5 5 5 4 4 4 4 4 4 4 4 7 5 5
-3.4e+38 -3.4e+38 -3.4e+38 -3.4e+38 -3.4e+38 -3.4e+38 -3.4e+38 -3.4e+38 -3.4e+38 -3.4e+38 -3.4e+38 -3.4e+38 -3.4e+38 -3.4e+38 -3.4e+38 -3.4e+38 -3.4e+38 5 5 6 5 5 5 5 6 6 6 7 7 9 12 11 11 8 7 9 10 9 10 11 11 14 14 15 19 23 21 24 28 31 28 32 35 23 24 22 13 12 8 6 6 5 3 3 5 6 7 7 6 6 7 7 7 8 7 7 6 5 8 10 8 8 7 5 5 4 4 4 4 4 4 4 4 5 5 5
-3.4e+38 -3.4e+38 -3.4e+38 -3.4e+38 -3.4e+38 -3.4e+38 -3.4e+38 -3.4e+38 -3.4e+38 -3.4e+38 -3.4e+38 -3.4e+38 -3.4e+38 -3.4e+38 -3.4e+38 -3.4e+38 -3.4e+38 -3.4e+38 -3.4e+38 5 4 6 6 6 6 6 6 6 7 7 9 10 11 12 9 8 9 11 9 10 11 12 14 16 19 23 25 25 25 31 31 30 33 25 26 24 21 21 12 7 6 5 4 4 4 4 5 6 6 8 10 10 8 7 7 7 6 7 8 10 10 10 7 7 5 5 4 4 4 4 4 4 4 4 4 4
-3.4e+38 -3.4e+38 -3.4e+38 -3.4e+38 -3.4e+38 -3.4e+38 -3.4e+38 -3.4e+38 -3.4e+38 -3.4e+38 -3.4e+38 -3.4e+38 -3.4e+38 -3.4e+38 -3.4e+38 -3.4e+38 -3.4e+38 -3.4e+38 -3.4e+38 -3.4e+38 -3.4e+38 6 6 6 6 6 6 6 6 7 9 11 9 11 11 9 9 9 9 9 11 11 14 16 17 21 24 25 24 25 25 30 30 29 33 32 27 32 24 12 8 6 5 4 4 4 4 4 4 5 8 11 8 7 6 6 6 7 7 9 11 12 9 7 5 5 5 5 4 4 4 4 4 4 5 5
-3.4e+38 -3.4e+38 -3.4e+38 -3.4e+38 -3.4e+38 -3.4e+38 -3.4e+38 -3.4e+38 -3.4e+38 -3.4e+38 -3.4e+38 -3.4e+38 -3.4e+38 -3.4e+38 -3.4e+38 -3.4e+38 -3.4e+38 -3.4e+38 -3.4e+38 -3.4e+38 -3.4e+38 -3.4e+38 -3.4e+38 6 6 6 6 6 6 6 9 8 9 11 11 10 9 9 9 9 11 11 14 14 16 19 22 23 24 24 25 28 26 31 37 43 39 29 22 14 10 6 6 4 4 4 4 3 4 4 4 4 4 5 5 7 7 8 8 8 8 9 9 8 7 5 5 5 5 4 4 4 4 5 5 4
-3.4e+38 -3.4e+38 -3.4e+38 2 2 2 -3.4e+38 -3.4e+38 -3.4e+38 -3.4e+38 -3.4e+38 -3.4e+38 -3.4e+38 -3.4e+38 -3.4e+38 -3.4e+38 -3.4e+38 -3.4e+38 -3.4e+38 -3.4e+38 -3.4e+38 -3.4e+38 -3.4e+38 -3.4e+38 6 6 6 6 6 6 7 8 9 10 9 8 9 9 9 9 10 12 12 12 14 17 21 24 28 28 26 24 22 22 29 30 26 30 29 20 15 9 6 5 4 4 4 4 4 4 3 4 4 4 8 9 9 8 8 8 8 8 8 8 7 7 6 5 5 5 5 5 5 5 5 5
-3.4e+38 -3.4e+38 -3.4e+38 -3.4e+38 3 2 2 2 2 -3.4e+38 -3.4e+38 -3.4e+38 -3.4e+38 -3.4e+38 -3.4e+38 -3.4e+38 -3.4e+38 -3.4e+38 -3.4e+38 -3.4e+38 -3.4e+38 -3.4e+38 -3.4e+38 -3.4e+38 -3.4e+38 -3.4e+38 6 6 6 6 6 9 11 9 7 8 8 9 9 11 11 16 17 16 16 16 21 25 28 29 29 28 23 18 20 20 19 20 23 28 27 14 7 6 4 4 4 4 4 4 4 4 4 4 6 6 8 7 7 7 7 8 8 8 8 7 7 5 5 5 5 5 5 4 4 4
-3.4e+38 -3.4e+38 -3.4e+38 -3.4e+38 -3.4e+38 -3.4e+38 2 4 4 3 -3.4e+38 -3.4e+38 -3.4e+38 -3.4e+38 -3.4e+38 -3.4e+38 -3.4e+38 -3.4e+38 -3.4e+38 -3.4e+38 -3.4e+38 -3.4e+38 -3.4e+38 -3.4e+38 -3.4e+38 -3.4e+38 -3.4e+38 6 6 6 6 7 7 7 7 7 7 8 9 9 10 15 23 25 22 24 21 21 24 28 30 33 29 23 15 16 15 12 10 11 24 20 11 7 6 4 4 4 4 4 4 4 4 4 4 4 5 5 5 5 5 7 8 8 7 7 6 5 5 5 5 5 5 5 5 5
-3.4e+38 -3.4e+38 -3.4e+38 -3.4e+38 -3.4e+38 -3.4e+38 2 3 4 4 3 -3.4e+38 -3.4e+38 -3.4e+38 -3.4e+38 -3.4e+38 -3.4e+38 -3.4e+38 -3.4e+38 -3.4e+38 -3.4e+38 -3.4e+38 -3.4e+38 -3.4e+38 -3.4e+38 -3.4e+38 -3.4e+38 -3.4e+38 6 6 6 6 6 6 6 7 7 7 7 7 9 9 16 28 29 30 30 26 24 26 29 32 32 28 17 15 10 11 10 7 11 22 15 9 6 4 4 4 4 4 4 4 4 4 3 3 4 4 4 5 5 6 6 7 7 6 5 5 5 5 5 5 5 5 5 5
-3.4e+38 -3.4e+38 -3.4e+38 -3.4e+38 -3.4e+38 -3.4e+38 2 2 2 4 4 -3.4e+38 -3.4e+38 -3.4e+38 -3.4e+38 -3.4e+38 -3.4e+38 -3.4e+38 -3.4e+38 -3.4e+38 -3.4e+38 -3.4e+38 -3.4e+38 -3.4e+38 -3.4e+38 -3.4e+38 -3.4e+38 -3.4e+38 -3.4e+38 -3.4e+38 6 6 6 6 6 7 7 7 7 9 9 9 9 16 26 29 29 25 23 21 24 29 37 33 28 18 9 7 9 7 8 9 12 8 6 5 4 4 4 4 4 4 4 4 4 3 3 3 3 3 4 5 7 6 6 5 5 5 5 5 5 5 5 5 5 5
-3.4e+38 -3.4e+38 -3.4e+38 -3.4e+38 -3.4e+38 -3.4e+38 -3.4e+38 -3.4e+38 -3.4e+38 -3.4e+38 -3.4e+38 -3.4e+38 -3.4e+38 -3.4e+38 -3.4e+38 -3.4e+38 -3.4e+38 -3.4e+38 -3.4e+38 -3.4e+38 -3.4e+38 -3.4e+38 -3.4e+38 -3.4e+38 -3.4e+38 -3.4e+38 -3.4e+38 -3.4e+38 -3.4e+38 -3.4e+38 6 6 6 6 6 6 6 7 7 9 9 11 11 11 16 19 24 25 19 20 22 27 34 35 30 18 8 7 7 7 8 8 7 6 6 5 4 4 4 4 4 4 4 4 4 3 3 3 3 3 3 4 5 5 5 5 5 5 5 5 5 5 5 5 4 4
-3.4e+38 -3.4e+38 -3.4e+38 -3.4e+38 -3.4e+38 -3.4e+38 -3.4e+38 -3.4e+38 -3.4e+38 -3.4e+38 -3.4e+38 -3.4e+38 -3.4e+38 -3.4e+38 -3.4e+38 -3.4e+38 -3.4e+38 -3.4e+38 -3.4e+38 -3.4e+38 -3.4e+38 -3.4e+38 -3.4e+38 -3.4e+38 -3.4e+38 -3.4e+38 -3.4e+38 -3.4e+38 -3.4e+38 -3.4e+38 -3.4e+38 6 6 6 6 6 6 7 8 9 9 10 11 14 19 23 23 25 19 21 24 25 29 31 28 17 9 7 7 7 6 6 6 6 5 4 4 4 4 4 4 4 4 4 4 3 3 3 3 3 3 3 3 5 5 6 6 5 5 5 5 5 5 5 5 4
-3.4e+38 -3.4e+38 -3.4e+38 -3.4e+38 -3.4e+38 -3.4e+38 -3.4e+38 -3.4e+38 -3.4e+38 -3.4e+38 -3.4e+38 -3.4e+38 -3.4e+38 -3.4e+38 -3.4e+38 -3.4e+38 -3.4e+38 -3.4e+38 -3.4e+38 -3.4e+38 -3.4e+38 -3.4e+38 -3.4e+38 -3.4e+38 -3.4e+38 -3.4e+38 -3.4e+38 -3.4e+38 -3.4e+38 -3.4e+38 -3.4e+38 -3.4e+38 6 6 6 6 6 7 8 8 9 10 11 13 14 16 21 25 26 27 30 28 27 27 26 25 15 10 8 7 7 6 5 5 4 4 4 4 4 4 4 4 4 4 4 3 3 3 3 3 3 3 3 3 5 6 6 6 6 5 5 5 5 5 5 5
-3.4e+38 -3.4e+38 -3.4e+38 -3.4e+38 -3.4e+38 -3.4e+38 -3.4e+38 -3.4e+38 -3.4e+38 -3.4e+38 -3.4e+38 -3.4e+38 -3.4e+38 -3.4e+38 -3.4e+38 -3.4e+38 -3.4e+38 -3.4e+38 -3.4e+38 -3.4e+38 -3.4e+38 -3.4e+38 -3.4e+38 -3.4e+38 -3.4e+38 -3.4e+38 -3.4e+38 -3.4e+38 -3.4e+38 -3.4e+38 -3.4e+38 -3.4e+38 -3.4e+38 6 6 6 6 6 7 7 8 9 11 12 13 10 18 19 25 25 32 36 25 21 19 17 15 12 10 9 8 6 5 5 4 4 4 4 4 4 4 4 4 4 4 3 3 3 3 3 3 3 3 3 3 3 3 5 6 7 7 5 5 5 5 5
-3.4e+38 -3.4e+38 -3.4e+38 -3.4e+38 -3.4e+38 -3.4e+38 -3.4e+38 -3.4e+38 -3.4e+38 -3.4e+38 -3.4e+38 -3.4e+38 -3.4e+38 -3.4e+38 -3.4e+38 -3.4e+38 -3.4e+38 -3.4e+38 -3.4e+38 -3.4e+38 -3.4e+38 -3.4e+38 -3.4e+38 -3.4e+38 -3.4e+38 -3.4e+38 -3.4e+38 -3.4e+38 -3.4e+38 -3.4e+38 -3.4e+38 -3.4e+38 -3.4e+38 -3.4e+38 6 6 6 7 7 7 7 7 8 9 11 11 14 17 19 23 28 33 26 18 18 17 18 14 13 15 13 9 6 5 4 4 4 4 4 4 4 4 4 4 4 3 3 3 3 3 3 3 3 3 3 3 3 3 4 5 5 5 5 5 5 5
-3.4e+38 -3.4e+38 -3.4e+38 -3.4e+38 -3.4e+38 -3.4e+38 -3.4e+38 -3.4e+38 -3.4e+38 -3.4e+38 -3.4e+38 -3.4e+38 -3.4e+38 -3.4e+38 -3.4e+38 -3.4e+38 -3.4e+38 -3.4e+38 -3.4e+38 -3.4e+38 -3.4e+38 -3.4e+38 -3.4e+38 -3.4e+38 -3.4e+38 -3.4e+38 -3.4e+38 -3.4e+38 -3.4e+38 -3.4e+38 -3.4e+38 -3.4e+38 -3.4e+38 -3.4e+38 6 6 6 6 7 6 6 7 9 9 11 11 14 17 19 21 29 35 29 24 26 18 18 21 19 17 17 15 9 5 5 5 5 4 4 4 4 4 4 4 4 4 3 3 3 3 3 3 3 3 3 3 3 3 3 3 4 5 5 5 5 5
-3.4e+38 -3.4e+38 -3.4e+38 2 2 -3.4e+38 -3.4e+38 -3.4e+38 -3.4e+38 -3.4e+38 -3.4e+38 -3.4e+38 -3.4e+38 -3.4e+38 -3.4e+38 -3.4e+38 -3.4e+38 -3.4e+38 -3.4e+38 -3.4e+38 -3.4e+38 -3.4e+38 -3.4e+38 -3.4e+38 -3.4e+38 -3.4e+38 -3.4e+38 -3.4e+38 -3.4e+38 -3.4e+38 -3.4e+38 -3.4e+38 -3.4e+38 -3.4e+38 6 6 6 6 6 6 7 7 11 11 11 11 12 16 16 21 28 35 38 30 21 19 18 22 26 20 14 12 9 7 7 6 5 5 5 4 4 4 4 4 4 4 3 3 3 3 3 3 3 3 3 3 3 3 3 3 4 4 5 5 5 5
-3.4e+38 -3.4e+38 -3.4e+38 -3.4e+38 2 2 -3.4e+38 -3.4e+38 -3.4e+38 -3.4e+38 -3.4e+38 -3.4e+38 -3.4e+38 -3.4e+38 -3.4e+38 -3.4e+38 -3.4e+38 -3.4e+38 -3.4e+38 -3.4e+38 -3.4e+38 -3.4e+38 -3.4e+38 -3.4e+38 -3.4e+38 -3.4e+38 -3.4e+38 -3.4e+38 -3.4e+38 -3.4e+38 -3.4e+38 -3.4e+38 -3.4e+38 -3.4e+38 -3.4e+38 6 6 6 6 7 7 7 10 11 9 11 13 12 12 19 26 38 39 35 24 15 15 12 12 12 11 8 7 7 8 9 9 5 5 5 5 4 4 4 4 4 3 3 3 3 3 3 3 3 3 3 3 3 3 3 3 4 4 5 5 5
-3.4e+38 -3.4e+38 -3.4e+38 -3.4e+38 2 3 3 -3.4e+38 -3.4e+38 -3.4e+38 -3.4e+38 -3.4e+38 -3.4e+38 -3.4e+38 -3.4e+38 -3.4e+38 -3.4e+38 -3.4e+38 -3.4e+38 -3.4e+38 -3.4e+38 -3.4e+38 -3.4e+38 -3.4e+38 -3.4e+38 -3.4e+38 -3.4e+38 -3.4e+38 -3.4e+38 -3.4e+38 -3.4e+38 -3.4e+38 -3.4e+38 -3.4e+38 -3.4e+38 6 6 6 6 6 7 7 8 9 9 11 16 11 14 18 26 37 37 37 34 21 15 14 14 10 9 8 7 7 7 8 6 5 5 5 5 5 4 4 4 4 3 3 3 3 3 3 3 3 3 3 3 3 3 3 3 4 4 4 5 5
-3.4e+38 -3.4e+38 -3.4e+38 -3.4e+38 -3.4e+38 3 5 5 -3.4e+38 -3.4e+38 -3.4e+38 -3.4e+38 -3.4e+38 -3.4e+38 -3.4e+38 -3.4e+38 -3.4e+38 -3.4e+38 -3.4e+38 -3.4e+38 -3.4e+38 -3.4e+38 -3.4e+38 -3.4e+38 -3.4e+38 -3.4e+38 -3.4e+38 -3.4e+38 -3.4e+38 -3.4e+38 -3.4e+38 -3.4e+38 -3.4e+38 -3.4e+38 -3.4e+38 5 6 6 6 6 7 7 7 7 9 10 12 11 14 17 24 30 35 36 37 36 22 20 15 12 8 7 7 6 5 5 5 5 5 5 5 5 5 4 4 4 4 3 3 3 3 3 3 3 3 3 3 3 3 3 3 4 4 4 5 5
-3.4e+38 -3.4e+38 -3.4e+38 -3.4e+38 -3.4e+38 2 4 4 4 3 -3.4e+38 -3.4e+38 -3.4e+38 -3.4e+38 -3.4e+38 -3.4e+38 -3.4e+38 -3.4e+38 -3.4e+38 -3.4e+38 -3.4e+38 -3.4e+38 -3.4e+38 -3.4e+38 -3.4e+38 -3.4e+38 -3.4e+38 -3.4e+38 -3.4e+38 -3.4e+38 -3.4e+38 -3.4e+38 -3.4e+38 -3.4e+38 -3.4e+38 5 6 6 6 6 6 6 6 6 7 9 10 13 20 19 27 27 31 30 36 38 36 24 19 13 9 7 7 7 6 7 6 6 6 6 5 5 5 4 4 4 4 3 3 3 3 3 3 3 3 3 3 3 3 3 3 3 3 4 4 5
-3.4e+38 -3.4e+38 -3.4e+38 -3.4e+38 -3.4e+38 -3.4e+38 -3.4e+38 3 3 3 -3.4e+38 -3.4e+38 -3.4e+38 -3.4e+38 -3.4e+38 -3.4e+38 -3.4e+38 -3.4e+38 -3.4e+38 -3.4e+38 -3.4e+38 -3.4e+38 -3.4e+38 -3.4e+38 -3.4e+38 -3.4e+38 -3.4e+38 -3.4e+38 -3.4e+38 -3.4e+38 -3.4e+38 -3.4e+38 -3.4e+38 -3.4e+38 -3.4e+38 5 5 6 6 6 6 6 6 6 8 9 10 12 13 19 23 26 28 29 35 36 35 31 24 16 9 9 9 8 8 8 7 6 6 6 5 4 4 4 4 4 4 4 3 3 3 3 3 3 3 3 3 3 3 3 3 3 3 3 3 4
-3.4e+38 -3.4e+38 -3.4e+38 -3.4e+38 -3.4e+38 -3.4e+38 -3.4e+38 -3.4e+38 -3.4e+38 -3.4e+38 -3.4e+38 -3.4e+38 -3.4e+38 -3.4e+38 -3.4e+38 -3.4e+38 -3.4e+38 -3.4e+38 -3.4e+38 -3.4e+38 -3.4e+38 -3.4e+38 -3.4e+38 -3.4e+38 -3.4e+38 -3.4e+38 -3.4e+38 -3.4e+38 -3.4e+38 -3.4e+38 -3.4e+38 -3.4e+38 -3.4e+38 -3.4e+38 -3.4e+38 5 5 5 5 6 6 6 6 6 8 8 10 12 16 18 20 27 29 30 27 30 28 29 24 20 12 12 10 8 8 6 6 6 6 6 5 5 5 3 3 3 4 4 3 3 3 3 3 3 3 3 3 3 3 3 3 3 3 3 3 4
-3.4e+38 -3.4e+38 -3.4e+38 -3.4e+38 -3.4e+38 -3.4e+38 -3.4e+38 -3.4e+38 -3.4e+38 -3.4e+38 -3.4e+38 -3.4e+38 -3.4e+38 -3.4e+38 -3.4e+38 -3.4e+38 -3.4e+38 -3.4e+38 -3.4e+38 -3.4e+38 -3.4e+38 -3.4e+38 -3.4e+38 -3.4e+38 -3.4e+38 -3.4e+38 -3.4e+38 -3.4e+38 -3.4e+38 -3.4e+38 -3.4e+38 -3.4e+38 -3.4e+38 -3.4e+38 -3.4e+38 5 5 5 5 5 6 6 6 6 8 9 12 15 20 16 18 23 26 24 22 23 24 26 23 22 17 15 13 9 8 6 7 7 7 6 6 6 5 4 3 3 2 2 1 2 3 3 3 3 3 3 3 3 3 3 3 3 3 3 3 3
-3.4e+38 -3.4e+38 -3.4e+38 -3.4e+38 -3.4e+38 -3.4e+38 -3.4e+38 -3.4e+38 -3.4e+38 -3.4e+38 -3.4e+38 -3.4e+38 -3.4e+38 -3.4e+38 -3.4e+38 -3.4e+38 -3.4e+38 -3.4e+38 -3.4e+38 -3.4e+38 -3.4e+38 -3.4e+38 -3.4e+38 -3.4e+38 -3.4e+38 -3.4e+38 -3.4e+38 -3.4e+38 -3.4e+38 -3.4e+38 -3.4e+38 -3.4e+38 -3.4e+38 -3.4e+38 -3.4e+38 5 5 5 5 5 6 6 6 8 8 8 9 15 18 15 17 19 22 21 22 23 22 23 22 20 19 17 17 13 11 9 7 7 7 7 7 7 5 4 4 3 2 2 3 2 3 3 3 3 3 3 3 3 3 3 3 3 3 3 3 3
-3.4e+38 -3.4e+38 -3.4e+38 -3.4e+38 -3.4e+38 -3.4e+38 -3.4e+38 -3.4e+38 -3.4e+38 -3.4e+38 -3.4e+38 -3.4e+38 -3.4e+38 -3.4e+38 -3.4e+38 -3.4e+38 -3.4e+38 -3.4e+38 -3.4e+38 -3.4e+38 -3.4e+38 -3.4e+38 -3.4e+38 -3.4e+38 -3.4e+38 -3.4e+38 -3.4e+38 -3.4e+38 -3.4e+38 -3.4e+38 -3.4e+38 -3.4e+38 -3.4e+38 -3.4e+38 -3.4e+38 -3.4e+38 -3.4e+38 -3.4e+38 5 5 5 6 6 6 8 8 9 11 18 13 18 18 19 22 19 19 20 22 22 21 19 17 17 16 15 10 9 7 8 7 7 7 7 5 4 3 4 3 3 3 2 3 3 3 3 3 3 3 3 3 3 3 3 3 3 3
-3.4e+38 -3.4e+38 -3.4e+38 -3.4e+38 -3.4e+38 -3.4e+38 -3.4e+38 -3.4e+38 -3.4e+38 -3.4e+38 -3.4e+38 -3.4e+38 -3.4e+38 -3.4e+38 -3.4e+38 -3.4e+38 -3.4e+38 -3.4e+38 -3.4e+38 -3.4e+38 -3.4e+38 -3.4e+38 -3.4e+38 -3.4e+38 -3.4e+38 -3.4e+38 -3.4e+38 -3.4e+38 -3.4e+38 -3.4e+38 -3.4e+38 -3.4e+38 -3.4e+38 -3.4e+38 -3.4e+38 -3.4e+38 -3.4e+38 -3.4e+38 5 5 5 6 6 6 8 15 15 10 11 12 16 17 19 19 18 20 23 22 22 21 19 17 17 18 17 12 7 8 7 7 8 8 7 6 5 5 4 3 3 3 2 2 2 3 3 3 3 3 3 3 3 3 3 3 3 4
-3.4e+38 -3.4e+38 -3.4e+38 -3.4e+38 -3.4e+38 -3.4e+38 -3.4e+38 -3.4e+38 -3.4e+38 -3.4e+38 -3.4e+38 -3.4e+38 -3.4e+38 -3.4e+38 -3.4e+38 -3.4e+38 -3.4e+38 -3.4e+38 -3.4e+38 -3.4e+38 -3.4e+38 -3.4e+38 -3.4e+38 -3.4e+38 -3.4e+38 -3.4e+38 -3.4e+38 -3.4e+38 -3.4e+38 -3.4e+38 -3.4e+38 -3.4e+38 -3.4e+38 -3.4e+38 -3.4e+38 -3.4e+38 -3.4e+38 -3.4e+38 5 5 5 6 6 6 7 10 9 7 9 16 13 15 16 16 17 20 21 22 21 22 21 20 18 19 19 16 10 8 8 8 7 7 7 7 6 5 4 4 3 3 3 2 2 3 3 3 3 3 3 3 3 3 3 3 3 4
-3.4e+38 -3.4e+38 -3.4e+38 -3.4e+38 -3.4e+38 -3.4e+38 -3.4e+38 -3.4e+38 -3.4e+38 -3.4e+38 -3.4e+38 -3.4e+38 -3.4e+38 -3.4e+38 -3.4e+38 -3.4e+38 -3.4e+38 -3.4e+38 -3.4e+38 -3.4e+38 -3.4e+38 -3.4e+38 -3.4e+38 -3.4e+38 -3.4e+38 -3.4e+38 -3.4e+38 -3.4e+38 -3.4e+38 -3.4e+38 -3.4e+38 -3.4e+38 -3.4e+38 -3.4e+38 -3.4e+38 -3.4e+38 -3.4e+38 -3.4e+38 -3.4e+38 5 6 5 5 5 5 6 10 7 9 11 13 16 18 19 21 21 21 22 23 23 23 22 21 22 20 18 15 14 11 8 7 7 7 6 6 5 4 4 3 3 3 3 2 2 3 3 3 3 3 3 3 3 3 3 3 4
-3.4e+38 -3.4e+38 -3.4e+38 -3.4e+38 -3.4e+38 -3.4e+38 -3.4e+38 -3.4e+38 -3.4e+38 -3.4e+38 -3.4e+38 -3.4e+38 -3.4e+38 -3.4e+38 -3.4e+38 -3.4e+38 -3.4e+38 -3.4e+38 -3.4e+38 -3.4e+38 -3.4e+38 -3.4e+38 -3.4e+38 -3.4e+38 -3.4e+38 -3.4e+38 -3.4e+38 -3.4e+38 -3.4e+38 -3.4e+38 -3.4e+38 -3.4e+38 -3.4e+38 -3.4e+38 -3.4e+38 -3.4e+38 -3.4e+38 -3.4e+38 -3.4e+38 5 6 6 5 5 5 6 6 7 8 8 14 17 18 15 19 21 21 22 24 25 24 25 25 24 22 19 19 19 15 7 6 7 6 5 5 7 7 5 4 3 3 3 2 2 3 3 3 3 3 3 3 3 3 3 4 4
