data/train-rasters-2.5m/bclim1.asc
NCOLS 322 
NROWS 151 
XLLCORNER -122.75 
YLLCORNER 31.9166666666667 
CELLSIZE 0.0416666666666677 
NODATA_value -3.4e+38 
[rows 63 to 83 of 151, columns 141 to 187 of 322]
16.9945011138916 17.2633323669434 18.0398330688477 18.9248332977295 19.2811660766602 19.363000869751 19.0340003967285 18.3566665649414 18.1251659393311 18.4636669158936 18.345666885376 17.3656673431396 17.9361667633057 18.9575004577637 20.6231670379639 21.6323337554932 21.9546661376953 21.8379993438721 21.4551677703857 20.6965007781982 19.8236675262451 19.1550006866455 18.3363342285156 17.3413333892822 17.4680004119873 17.1813335418701 17.3959999084473 17.5389995574951 17.2703323364258 16.0576667785645 14.4554996490479 13.7593336105347 15.9196662902832 17.4833335876465 18.208833694458 18.3846664428711 18.378833770752 17.7671661376953 16.3554992675781 15.2700004577637 12.9896669387817 13.5516672134399 14.8746671676636 15.3081665039062 16.0503330230713 17.0428333282471 17.6984996795654
16.0496673583984 16.2789993286133 16.5516662597656 16.8476657867432 17.7836666107178 17.8566665649414 17.267333984375 16.6284999847412 16.671667098999 16.449499130249 15.9980001449585 15.1225004196167 14.808500289917 15.1094999313354 18.2836666107178 20.9173336029053 21.8916664123535 21.9098339080811 21.1446666717529 20.0841674804688 18.898832321167 18.4101657867432 17.6861667633057 17.0540008544922 16.882833480835 17.0866661071777 17.3776664733887 17.390832901001 17.1165008544922 15.4953336715698 12.5736665725708 12.6660003662109 15.3819999694824 17.3104991912842 18.2543334960938 18.4085006713867 18.5196666717529 18.4371662139893 17.417667388916 16.3428325653076 14.2948331832886 14.3016662597656 15.0393333435059 15.7348337173462 16.4221668243408 16.7894992828369 17.2136669158936
16.5216674804688 16.9086666107178 17.2061672210693 16.6153335571289 16.212833404541 16.2796669006348 16.4731674194336 16.3974990844727 16.4654998779297 17.0303325653076 16.6666660308838 16.5141658782959 15.8946666717529 15.2419996261597 17.079833984375 20.2496662139893 21.7026672363281 21.8540000915527 21.4468326568604 20.6161670684814 19.0921669006348 17.8521671295166 16.9451675415039 16.4330005645752 16.1560001373291 16.6126670837402 17.1273326873779 17.2058334350586 16.9491672515869 16.1224994659424 15.0208330154419 14.1510000228882 14.7030000686646 16.4646663665771 17.8668327331543 18.3314990997314 18.4379997253418 18.5698337554932 18.2303333282471 17.3605003356934 15.9479999542236 14.9344997406006 14.7550001144409 15.9813327789307 16.7985000610352 17.1844997406006 17.2880001068115
17.2601661682129 17.3290004730225 17.4769992828369 17.363166809082 17.3500003814697 16.9141674041748 15.8181667327881 16.2931671142578 16.9556655883789 17.5020008087158 17.6749992370605 18.0098323822021 17.94700050354 17.9048328399658 18.8771667480469 20.6386661529541 21.9149990081787 21.916166305542 21.3955001831055 20.5231666564941 19.4338340759277 18.232666015625 17.0718326568604 17.0666675567627 16.6553325653076 16.367000579834 16.6700000762939 16.8411674499512 16.8110008239746 16.4858341217041 15.9479999542236 14.3759994506836 14.2086668014526 15.1713333129883 17.1761665344238 18.3791656494141 18.5051670074463 18.5895004272461 18.2656669616699 17.3661670684814 16.1481666564941 14.9825000762939 15.0208330154419 16.2068328857422 17.0860004425049 17.5909996032715 17.8043327331543
17.1028327941895 17.0655002593994 17.1529998779297 17.3741664886475 17.7915000915527 17.783166885376 17.5883331298828 17.8228340148926 17.9021663665771 18.2676658630371 18.2898330688477 18.6846675872803 19.2255001068115 19.3996658325195 20.3226661682129 21.3999996185303 21.9344997406006 21.7953338623047 21.4908332824707 20.7151660919189 19.5795001983643 18.6356658935547 18.378833770752 18.4131660461426 17.5459995269775 16.7028331756592 16.4238338470459 16.5699996948242 16.5046672821045 16.3778324127197 16.0650005340576 15.2954998016357 14.2746667861938 15.2191667556763 17.4993324279785 18.2910003662109 18.4235000610352 18.2999992370605 17.8150005340576 16.6591663360596 15.6485004425049 14.9063329696655 15.5416660308838 16.4218330383301 17.295166015625 17.9428329467773 18.3026657104492
17.273832321167 16.4391670227051 16.4561672210693 17.38450050354 17.9309997558594 18.4931659698486 18.7563343048096 18.7463340759277 18.9034996032715 19.0611667633057 19.1844997406006 19.431999206543 19.7311668395996 19.7129993438721 20.3023338317871 21.4793338775635 21.7999992370605 21.7548332214355 21.7076663970947 21.4431667327881 20.8501663208008 20.1070003509521 19.75950050354 19.0429992675781 18.0773334503174 17.2054996490479 16.2550010681152 16.3836669921875 16.1878337860107 15.9728336334229 15.6339998245239 14.9886665344238 14.2603330612183 16.0678329467773 17.5973339080811 18.0228328704834 17.9219989776611 17.4751663208008 16.7175006866455 15.4918336868286 14.8468332290649 15.0563335418701 15.7143335342407 16.2281665802002 17.5618324279785 18.3859996795654 18.7891674041748
16.6731662750244 17.0679988861084 17.4300003051758 17.9675006866455 18.230167388916 18.7228336334229 18.8013343811035 18.2241668701172 18.443000793457 19.2188339233398 19.5468330383301 19.5148334503174 19.8998336791992 19.9686660766602 20.3470001220703 20.3549995422363 21.0020008087158 21.2998332977295 21.7576675415039 21.6491661071777 21.3116664886475 20.908332824707 20.4020004272461 19.7118339538574 18.6246662139893 17.3955001831055 16.4085006713867 16.3996658325195 16.0380001068115 15.5178337097168 14.6468334197998 14.3616666793823 14.7278337478638 16.3798332214355 17.2078323364258 17.2805004119873 16.8624992370605 16.1441669464111 15.4643335342407 15.0426664352417 15.2356662750244 15.4618330001831 15.4231662750244 16.1025009155273 17.3566665649414 18.7163333892822 19.2398338317871
16.5485000610352 16.4446659088135 17.4018325805664 17.8619995117188 18.6041660308838 18.8851661682129 18.4745006561279 17.8168334960938 19.5273342132568 20.3246669769287 20.4246673583984 20.2550010681152 20.095666885376 19.9623336791992 19.9321670532227 19.2258338928223 19.328332901001 20.4756660461426 21.679500579834 21.845832824707 21.488000869751 21.1940002441406 20.7970008850098 20.2393341064453 19.242166519165 18.166332244873 17.1485004425049 16.7988338470459 16.3021659851074 15.3906669616699 14.4455003738403 14.628999710083 15.5270004272461 16.263500213623 16.2695007324219 15.6029996871948 14.2165002822876 13.002833366394 13.9603328704834 15.0921669006348 15.6359996795654 15.9195003509521 16.107666015625 16.6100006103516 17.1461658477783 18.8443336486816 19.6161670684814
16.283166885376 16.4074993133545 17.003999710083 17.6520004272461 18.4939994812012 18.9955005645752 19.1175003051758 19.392333984375 20.0816669464111 20.3778343200684 20.5883331298828 20.6783332824707 20.0058326721191 19.7923336029053 19.3676662445068 19.0494995117188 20.3090000152588 21.0283336639404 21.9328327178955 21.8311672210693 21.5184993743896 21.3436660766602 21.0058326721191 20.4411659240723 19.6156673431396 18.5561656951904 17.746166229248 17.2185001373291 16.2428340911865 15.7880001068115 15.7068338394165 15.9483327865601 16.3463325500488 16.1421661376953 15.1691665649414 13.9498329162598 13.6481666564941 13.4276666641235 14.481333732605 15.5094995498657 15.9953336715698 16.3361663818359 16.6713333129883 16.9671669006348 16.8138332366943 18.9360008239746 19.8318328857422
17.2061672210693 17.1025009155273 17.8155002593994 17.8138332366943 18.2081661224365 18.8859996795654 19.058666229248 19.4076671600342 19.7946662902832 20.1485004425049 20.5359992980957 21.1271667480469 21.2275009155273 20.5323333740234 19.3486671447754 19.4771671295166 20.8738327026367 21.34983253479 21.779167175293 21.7371673583984 21.5261669158936 21.4643325805664 21.1606674194336 20.2806663513184 19.4993343353271 18.8721656799316 18.1778335571289 17.3776664733887 16.5473327636719 16.6909999847412 17.1326656341553 17.4209995269775 17.3581657409668 16.503999710083 14.8483333587646 13.8555002212524 14.2818336486816 14.7601671218872 15.2384996414185 15.8183336257935 16.3306674957275 16.6843338012695 16.9381656646729 17.1908340454102 17.1999988555908 19.0324993133545 19.9663333892822
18.3143329620361 18.6118335723877 19.1415004730225 18.8920001983643 18.7448329925537 18.6403331756592 18.349666595459 18.679666519165 19.2001667022705 19.8268337249756 20.4956665039062 21.0431671142578 21.2456665039062 21.2643337249756 20.9895000457764 20.6798324584961 21.1781673431396 21.1695003509521 21.5014991760254 21.6089992523193 21.605167388916 21.5781669616699 21.2646675109863 20.0076675415039 18.8680000305176 18.5073337554932 17.8728332519531 17.4734992980957 17.6113338470459 18.1016654968262 18.5493335723877 18.5196666717529 17.9050006866455 16.5438327789307 14.6044998168945 14.4245004653931 14.7448329925537 15.3155002593994 15.8726663589478 16.2520008087158 16.7471656799316 17.0311660766602 17.2323341369629 17.4405002593994 17.5951671600342 18.8549995422363 19.9314994812012
19.5709991455078 19.892333984375 19.82200050354 19.5686664581299 19.3816661834717 18.6774997711182 18.3476657867432 18.4806671142578 18.8061676025391 19.644832611084 20.0543327331543 20.1520004272461 20.7310009002686 20.8964996337891 21.2818336486816 21.1241664886475 21.0318336486816 21.6100006103516 21.6596660614014 21.4986667633057 21.4990005493164 21.4575004577637 21.2388343811035 20.5348339080811 18.7503337860107 18.6728324890137 17.5938339233398 17.3316669464111 18.3274993896484 19.1019992828369 19.2924995422363 18.9073333740234 18.0009994506836 16.0978336334229 14.5098333358765 14.9078330993652 15.0973329544067 15.9704999923706 16.4051666259766 16.6973342895508 17.0491676330566 17.2350006103516 17.3233337402344 17.7644996643066 17.9558334350586 19.0104999542236 19.9536666870117
19.4781665802002 19.8968334197998 19.9108333587646 19.6313323974609 19.6361675262451 19.5329990386963 19.3929996490479 19.4206657409668 19.4848327636719 19.7509994506836 20.2198333740234 20.1959991455078 20.0321674346924 20.2665004730225 21.1963329315186 21.3306674957275 21.4381675720215 21.5003337860107 21.4850006103516 21.4198341369629 21.3906669616699 21.3593330383301 21.0750007629395 20.8343334197998 20.1105003356934 19.0419998168945 18.8723335266113 18.570499420166 19.1411666870117 19.7161674499512 19.5920009613037 18.9153327941895 17.711332321167 16.058500289917 15.6393337249756 16.1469993591309 16.3161659240723 17.0133323669434 17.0053329467773 16.5590000152588 17.3268337249756 17.7320003509521 17.9230003356934 18.3843326568604 18.2221660614014 19.0091667175293 19.6398334503174
17.9561672210693 18.6926670074463 19.7045001983643 19.7740001678467 19.7436656951904 19.8861675262451 19.9235000610352 19.8460006713867 19.9635009765625 20.2656669616699 20.2106666564941 20.0960006713867 20.4144992828369 20.7451667785645 21.1911659240723 21.4260005950928 21.5268325805664 21.47483253479 21.4750003814697 21.3206672668457 20.9938335418701 20.9375 21.1793327331543 21.1229991912842 20.6846656799316 19.9519996643066 19.7801666259766 19.9431667327881 20.2031669616699 20.130500793457 19.5103340148926 18.5454998016357 16.9546661376953 16.3645000457764 16.1928329467773 17.3153324127197 17.83766746521 17.9406661987305 17.8131675720215 17.9293327331543 18.0629997253418 18.4589996337891 18.7823333740234 18.7735004425049 18.7521667480469 19.1443328857422 19.1636657714844
17.5781669616699 18.2018337249756 19.4741668701172 19.7668323516846 19.8028335571289 19.8738327026367 19.980167388916 20.0178337097168 20.025333404541 20.0408325195312 19.2728328704834 19.1613330841064 20.083833694458 20.7001667022705 20.9228324890137 21.2608337402344 21.3703327178955 21.1966667175293 20.9235000610352 20.5256671905518 20.4486656188965 20.1580009460449 20.6106662750244 21.0176658630371 20.8546657562256 20.6059989929199 20.4288330078125 20.3476657867432 20.219165802002 19.8901672363281 18.9481678009033 17.025333404541 15.441499710083 17.3928337097168 17.7679996490479 18.4156665802002 18.6178340911865 18.7866668701172 18.783166885376 18.8316669464111 18.7993335723877 18.97483253479 19.150333404541 19.1936664581299 19.3396663665771 19.6333332061768 19.9688339233398
19.1066665649414 18.5286674499512 19.390832901001 19.7245006561279 19.7716674804688 19.7411670684814 19.7523326873779 19.65016746521 19.69700050354 19.5364990234375 18.8083343505859 18.5893325805664 19.1698341369629 19.7333335876465 20.2528343200684 20.8111667633057 21.1868343353271 20.4158325195312 19.8656673431396 19.1471672058105 19.8505001068115 19.8188343048096 19.7771663665771 20.3059997558594 20.8311672210693 20.7150001525879 20.3980007171631 19.7574996948242 19.5621662139893 19.4386672973633 18.6569995880127 16.3611660003662 15.7121667861938 17.9931659698486 18.953332901001 19.0741672515869 19.1901664733887 19.341667175293 19.417667388916 19.4663333892822 19.4519996643066 19.4498329162598 19.5265007019043 19.5211658477783 19.6881656646729 20.0138339996338 20.3718338012695
19.2959995269775 19.2724990844727 19.3751659393311 19.4661674499512 19.4876670837402 19.511999130249 19.6319999694824 19.6643333435059 19.5776672363281 19.3854999542236 18.7411670684814 18.1995010375977 18.0960006713867 18.5464992523193 19.7846660614014 20.5226669311523 20.9376659393311 19.90016746521 19.3554992675781 19.2150001525879 19.4570007324219 19.1620006561279 19.9873332977295 20.6803321838379 20.7814998626709 20.5345001220703 19.9923324584961 19.2781658172607 19.1145000457764 19.0193328857422 18.3601665496826 16.4085006713867 16.8426666259766 18.548999786377 19.503833770752 19.6259994506836 19.7771663665771 19.9219989776611 20.0056667327881 20.0623340606689 20.0231666564941 19.9109992980957 19.8733329772949 19.5911674499512 19.6923332214355 20.3033332824707 20.4788341522217
18.8248329162598 19.0555000305176 19.2273330688477 19.3081665039062 19.3556671142578 19.5076675415039 19.6936664581299 19.795166015625 19.6019992828369 19.6700000762939 19.3053340911865 18.5431671142578 17.8465003967285 18.5944995880127 20.0249996185303 20.9166660308838 21.3218326568604 20.9468326568604 20.5510005950928 19.8374996185303 19.4373340606689 19.2591667175293 19.7928333282471 20.4893341064453 20.5836658477783 19.9998340606689 18.8811664581299 17.8010005950928 17.3541660308838 17.7124996185303 17.2861671447754 16.1921672821045 18.0281677246094 19.3678340911865 20.0423336029053 20.1806659698486 20.3341674804688 20.4664993286133 20.492000579834 20.5313339233398 20.496000289917 20.3780002593994 20.140832901001 19.7859992980957 19.863000869751 20.6046657562256 20.554500579834
17.5711669921875 17.9305000305176 18.1396675109863 18.1510009765625 18.5408325195312 19.5068340301514 19.6989994049072 19.7674999237061 19.8713340759277 19.9438343048096 19.8188343048096 19.6321659088135 19.3888339996338 19.25950050354 19.8083343505859 20.7986660003662 21.4039993286133 21.4361667633057 21.2401657104492 20.6141662597656 19.7228336334229 19.6768341064453 19.9053325653076 20.0830001831055 20.03733253479 19.4148330688477 17.0561676025391 15.441333770752 14.8325004577637 16.2388324737549 17.1376667022705 17.976167678833 19.2063331604004 20.0540008544922 20.3786659240723 20.4025001525879 20.6176662445068 20.8888339996338 20.880500793457 20.8780002593994 20.8059997558594 20.4965000152588 20.0786666870117 19.6653327941895 20.1744995117188 20.7113342285156 20.7886657714844
16.3881664276123 16.2175006866455 15.922833442688 16.0903339385986 17.6184997558594 18.6135005950928 18.9928340911865 19.2054996490479 19.591833114624 19.7840003967285 19.8093338012695 19.804666519165 19.7733325958252 19.3306674957275 19.2919998168945 20.2000007629395 21.1119995117188 21.2954998016357 21.0358333587646 20.2521667480469 19.8618335723877 19.4484996795654 19.2905006408691 19.6191673278809 19.3889999389648 18.8931674957275 18.3618335723877 16.9095001220703 16.5301666259766 17.3761672973633 17.988166809082 18.9729995727539 19.7101669311523 20.1056671142578 19.9925003051758 19.5346660614014 20.1851673126221 21.1498336791992 21.183666229248 21.0903339385986 20.8334999084473 20.1598339080811 19.3099994659424 18.9816665649414 19.958833694458 20.7049999237061 20.9473342895508
15.9654998779297 15.5226669311523 15.798999786377 16.2983341217041 16.6765003204346 16.6861667633057 16.7819995880127 17.4596672058105 18.3390007019043 18.8761672973633 19.3241672515869 19.6231670379639 20.0289993286133 19.8910007476807 19.8945007324219 20.2660007476807 20.6555004119873 20.7730007171631 20.8013324737549 20.4181671142578 20.4088325500488 20.3729991912842 20.0699996948242 19.8560009002686 19.5983333587646 19.3506660461426 19.0384998321533 18.9874992370605 19.0108337402344 18.8721656799316 19.1743335723877 19.7796669006348 20.2385005950928 19.9403343200684 19.6976661682129 20.0779991149902 20.980167388916 21.4366664886475 21.3236675262451 21.0558338165283 20.6816673278809 19.550666809082 18.4750003814697 18.8481674194336 20.0319995880127 20.7493343353271 20.9703330993652
